6 0.5864093546875 0.9125088328125001 0.5883794875 0.9233702156250001 0.8811818078125 0.833323925 0.8795817203125 0.8250628875 0.8623343453125001 0.8124536609374999 0.8429511890624999 0.810815009375 0.8147290921874999 0.823836859375 0.8060497234374999 0.8189064421875001 0.7885846046875 0.8221062218749999 0.7746164921875 0.8329158218750001 0.7439145765624999 0.8445289812500001 0.6061748031249999 0.8890597828125 0.5926521359375 0.8888758125 0.5866270953125 0.8966998281249999 0.5864093546875 0.9125088328125001
6 0.779459790625 0.8281693750000001 0.7877901390625001 0.8104083093750001 0.8120697828125 0.8007702078125 0.819557453125 0.788153753125 0.806310696875 0.77594269375 0.8054580609374999 0.760462865625 0.7739084890625 0.7669084171875 0.7570583453124999 0.76014815 0.601853453125 0.80787873125 0.5905878828125 0.8146002359375 0.5847273937499999 0.8131455531249999 0.5806785609375 0.8295899125 0.591068184375 0.8757922046875001 0.597214540625 0.8858442359375 0.60493489375 0.8883554374999999 0.7671238421875 0.8352200562500001 0.779459790625 0.8281693750000001
6 0.7778941734375 0.7363699218749999 0.8082570234374999 0.7226897203125 0.8137734703125 0.7117651406250001 0.80244475 0.7043925109375 0.8061013296875 0.6924114140625 0.802153896875 0.6854829437500001 0.771505171875 0.6905657953125 0.74558340625 0.683338375 0.584125775 0.7340775359375 0.571673484375 0.733564390625 0.5675714609375 0.7565390578125 0.5741250124999999 0.793064484375 0.5811190265625 0.8082841234375 0.5891784421875 0.81286236875 0.7656213734375 0.7575147390625 0.7778941734375 0.7363699218749999
6 0.798932803125 0.665846034375 0.82140079375 0.6383088890625 0.8552606546874999 0.63223850625 0.8599975734375 0.6405526703125 0.868216559375 0.625539996875 0.8574396656250001 0.5941131875 0.843742484375 0.582583478125 0.8274009343750001 0.578923775 0.7986702453125 0.588845059375 0.779117559375 0.5861728859374999 0.5712945859375 0.6489995890625 0.5639764453125 0.662649565625 0.564267296875 0.681559134375 0.5733006671875 0.7194932546875 0.5794470265625 0.729545284375 0.587167378125 0.7320564859375 0.615389475 0.7190346359374999 0.798932803125 0.665846034375
6 0.7329201640624999 0.479329228125 0.7351673015625 0.4656102625 0.7302608546875 0.45626257499999995 0.718990303125 0.4526718625 0.5673888 0.49495164843749995 0.550432275 0.50125199375 0.5480687953125 0.50740713125 0.5517403140625 0.5263626921875 0.5570390171875 0.5312471171875 0.5802532609375 0.5322504109375 0.7218822953124999 0.49086616875000005 0.7329201640624999 0.479329228125
6 0.767263721875 0.42479831093750003 0.776727596875 0.4208022015625 0.7857310890625 0.3968630015625 0.7775503546875 0.3744087109375 0.7605888484375 0.3703968359375 0.7489210671875 0.3609571640625 0.741089353125 0.3611943546875 0.548304871875 0.4128822828125 0.5394077609375 0.4237608703125 0.5372819421874999 0.45535588281250006 0.5456371859375 0.4891559140625 0.55420519375 0.4968347234375 0.5631072859375 0.49626835625 0.7544823265625 0.4428425625 0.767263721875 0.42479831093750003
6 0.7755426875 0.183950325 0.7796979015625001 0.15444534999999998 0.7748446437500001 0.138567359375 0.76058568125 0.1304673890625 0.4969334890625 0.20937774375 0.4912475140625 0.21926880468749999 0.4910297703125 0.23507780781249998 0.497413790625 0.27056971406249997 0.5005717359374999 0.276112490625 0.509362465625 0.2782945140625 0.7646743484375 0.1965207875 0.7755426875 0.183950325
6 0.7576887078125 0.0819608625 0.7509223953124999 0.071556659375 0.73847010625 0.07104351249999999 0.4827028203125 0.1431863703125 0.4757769328125 0.1523730828125 0.47528327812500004 0.18020917812499998 0.479463390625 0.20226530468749998 0.4885399921875 0.213044678125 0.74757160625 0.1333839859375 0.75905491875 0.1108534734375 0.7576887078125 0.0819608625
6 0.758622828125 0.0328189796875 0.747013215625 0.0271612234375 0.6448186578125 0.0553324171875 0.649168303125 0.07842206406249999 0.64720205625 0.09042615937500001 0.65019046875 0.09493541250000001 0.73294868125 0.07165587343749999 0.7541335296875 0.07056913125 0.76077354375 0.0527850671875 0.758622828125 0.0328189796875
6 0.6486597078125 0.0753215 0.6448768281249999 0.05911433125 0.635747034375 0.054865264062499995 0.4714705203125 0.102128690625 0.4656150140625 0.110986228125 0.4661285859375 0.1243990125 0.46856019687500006 0.142650228125 0.47323894375000003 0.1471824796875 0.499097559375 0.1403157671875 0.64466904375 0.095547775 0.6486597078125 0.0753215
6 0.6070370640625 0 0.466650534375 0.038471514062500003 0.4620349375 0.0480333953125 0.4626116609375 0.0755403140625 0.4713009890625 0.1010951703125 0.7293785640625 0.0293274796875 0.737544359375 0.0208451125 0.742833103125 0.0051050953125 0.742571121875 0 0.6070370640625 0
6 0.45417685781249995 0 0.4550891328125 0.015971229687499998 0.461070940625 0.035301959375000004 0.472903275 0.0354629328125 0.6008835343750001 0 0.45417685781249995 0
6 0.3890794390625 0.41896581875 0.3915492984375 0.3997500703125 0.38268047968749996 0.352537253125 0.37777403125000003 0.3431895671875 0.3712935890625 0.3413827109375 0.07879436875 0.422650525 0.0672479078125 0.43108690000000005 0.064099921875 0.44616856406250005 0.0664783390625 0.47095008437499997 0.076974340625 0.5040917640625 0.08571188125 0.51280409375 0.09354359375 0.512566903125 0.3807441125 0.42641466718750004 0.3890794390625 0.41896581875
6 0.3555221984375 0.234952984375 0.3499808546875 0.1943164671875 0.34631431562500004 0.18567312656249998 0.34000340625000003 0.184899790625 0.095671221875 0.251354665625 0.07426365 0.25793819375 0.0699289453125 0.2657852046875 0.07840053125 0.307149065625 0.0890561046875 0.32069982656249996 0.3411036640625 0.24644393281250002 0.352708296875 0.2417894703125 0.3555221984375 0.234952984375
6 0.329914596875 0.1782315078125 0.33869536875 0.15978909218749998 0.32995284687500004 0.14076454375 0.317103325 0.134402440625 0.2969888546875 0.13516000781249998 0.0747955578125 0.1926351328125 0.05552874375 0.198560309375 0.053165264062499995 0.20471544531250002 0.06163685 0.2460793046875 0.06919265 0.2578692046875 0.07426365 0.25793819375 0.31718639375 0.189745453125 0.329914596875 0.1782315078125
6 0.3360310765625 0.1264102203125 0.3388449796875 0.119573734375 0.3343740171875 0.078608040625 0.3260287296875 0.06543244687500001 0.0742570859375 0.12766125 0.056060650000000004 0.1332572484375 0.05172594375 0.1411042609375 0.0621155671875 0.1873065515625 0.07265479999999999 0.1932934859375 0.2567067234375 0.1432054484375 0.313553128125 0.133322925 0.3360310765625 0.1264102203125