6 0 0.9140439375 0.0412296109375 0.931789209375 0.21543493281249998 0.966078415625 0.21901198593750001 0.9607580328124999 0.23320592968749998 0.9289425640625 0.23703081250000002 0.91328786875 0.232973271875 0.9052971218750001 0.21932759062499999 0.9049236390625 0.09220489375 0.8551939281250001 0.0643011140625 0.842439365625 0.053019578125 0.8311675421875 0.0362748484375 0.8272832859375001 0.0262855578125 0.8318062125000001 0.001235859375 0.8177593859375 0 0.8178106187499999 0 0.9140439375
6 0.1005714234375 0.7711444828125 0.081897403125 0.777142684375 0.0518193578125 0.7694675421875 0.047002282812500004 0.7847524875 0.0305576078125 0.7962932296874999 0.0348601203125 0.8090870156250001 0.056810765625 0.8196230671875 0.060644725 0.8375429562500001 0.07124643593749999 0.8450276265625 0.2207546328125 0.9042775078125 0.2291606984375 0.9021094156249999 0.2379128296875 0.892413696875 0.2601790828125 0.8471153578124999 0.2603138796875 0.830674475 0.254048378125 0.83187336875 0.244438853125 0.82475845 0.1005714234375 0.7711444828125
6 0.1038422125 0.7016871625000001 0.07432150781249999 0.69539765625 0.0685796421875 0.70209240625 0.0691920640625 0.714100003125 0.055913839062500005 0.720931078125 0.0586668234375 0.731969478125 0.0857009015625 0.74675580625 0.0926339125 0.76818646875 0.25591027187500004 0.8302113515625 0.26518604218749997 0.8260114921874999 0.2761124359375 0.8112363546875001 0.29204578593749997 0.775357353125 0.29379750625 0.7524514140624999 0.281144015625 0.75244768125 0.1317583078125 0.695599321875 0.1038422125 0.7016871625000001
6 0.10254413437500001 0.5999008375 0.07618987968749999 0.5889016640625 0.058820412499999995 0.5918522125 0.0420970671875 0.6027001375000001 0.0232208484375 0.633359665625 0.02764584375 0.6485549703125 0.0345360828125 0.6405212703125 0.0670333546875 0.64792003125 0.08258369843749999 0.6760958609375 0.253552603125 0.7362757171875 0.278602303125 0.7503225421875 0.2870083671875 0.74815445 0.2957605 0.738458734375 0.314547934375 0.701287465625 0.31967737500000004 0.6825851171874999 0.3158097171875 0.6687754484374999 0.12289016718750001 0.598059540625 0.10254413437500001 0.5999008375
6 0.2052515875 0.4714979515625 0.1979264953125 0.48054753593750005 0.196677025 0.4942171484375 0.20482580625 0.5060884203125 0.33666448125000004 0.5528638515625001 0.36026575 0.5528246265625001 0.366843621875 0.5482083296875 0.37538448281250003 0.529599353125 0.374582178125 0.5234106796875 0.3591420015625 0.516478771875 0.21750392187499998 0.46840734375000004 0.2052515875 0.4714979515625
6 0.2108651296875 0.3764101078125 0.1967172015625 0.3852729515625 0.1786342140625 0.388546565625 0.1646638546875 0.4104328921875 0.16759440781249998 0.43449477031250006 0.1760892609375 0.4388384171875 0.184326828125 0.4572214296875 0.3631107609375 0.517957778125 0.371917978125 0.518884021875 0.382498303125 0.5116365093749999 0.399546328125 0.478528778125 0.4054903890625 0.4471727 0.3993259859375 0.4360409328125 0.21868016093749998 0.3769665984375 0.2108651296875 0.3764101078125
6 0.2416819640625 0.155251825 0.23273994843749998 0.170766465625 0.2293713015625 0.2001374578125 0.2370852328125 0.21302461250000002 0.47291388593750006 0.3044428765625 0.48231213906250003 0.302644534375 0.48690562968749995 0.29728873437500003 0.5024041312499999 0.2624256140625 0.506229015625 0.24677091875 0.5030411781249999 0.23674840625 0.2580929421875 0.147821303125 0.2416819640625 0.155251825
6 0.282879521875 0.08991591875 0.27341387031250003 0.099934703125 0.2646494234375 0.1284728234375 0.2704340625 0.1512424359375 0.5105438390625 0.24072230156250002 0.5224287234375 0.2304271375 0.5322741421875 0.2087705078125 0.5388980250000001 0.18120158749999998 0.53428314375 0.17182520625 0.2955330109375 0.08991965156250001 0.282879521875 0.08991591875
6 0.28504470937500004 0.051261914062500004 0.2777747046875 0.0709334609375 0.279902953125 0.0888066640625 0.300928809375 0.0907525234375 0.3781970796875 0.1171916234375 0.3823557203125 0.11285170625 0.3834490046875 0.10089079375000001 0.3937292796875 0.07821828125 0.2981667515625 0.046139540624999996 0.28504470937500004 0.051261914062500004
6 0.3927033890625 0.0819587515625 0.3847535640625 0.0978431421875 0.38359287656249996 0.1180244953125 0.5185306046875 0.16831069999999998 0.5427779968750001 0.176168853125 0.5486423453125 0.1718756203125 0.5557561671875 0.1539127765625 0.5597035359375 0.1406596 0.5560808453125 0.1316529703125 0.40297134687499997 0.0781286421875 0.3927033890625 0.0819587515625
6 0.315632984375 0 0.3080121703125 0.024482912500000002 0.3093044140625 0.0402776640625 0.3153463328125 0.049007914062500005 0.5565156984375 0.1306370875 0.5717906171875 0.1057031109375 0.5794066875 0.078503940625 0.5772110390625 0.068851178125 0.3709573859375 0 0.315632984375 0
6 0.3771769015625 0 0.5716927578125001 0.0656167859375 0.583632725 0.0659435828125 0.5945928203124999 0.047058224999999995 0.6059147765625 0.0113710421875 0.548144525 0 0.3771769015625 0
6 0.5956206609375 0.37255187031250003 0.588641634375 0.3740738296875 0.5813165453125 0.3831234140625 0.5603211499999999 0.4294843234375 0.5578896078125 0.4486031078125 0.5643663812499999 0.456317471875 0.831142778125 0.553379109375 0.8389578078125 0.5539356 0.8499729859375 0.5456722046875 0.869005390625 0.513303975 0.877736134375 0.488876075 0.8784282703124999 0.4738208265625 0.8689749296875 0.4649972078125 0.5956206609375 0.37255187031250003
6 0.6605698375 0.2194764640625 0.6546717890625 0.22787991562499998 0.6387047375 0.2678691390625 0.6397857124999999 0.2747506328125 0.6502649390624999 0.27983378281250004 0.88473395 0.36367773593749997 0.8989155796875 0.350704671875 0.91801538125 0.31011599843750004 0.9156635484375 0.3021719390625 0.8958197671875 0.2947769078125 0.667114009375 0.21897038750000003 0.6605698375 0.2194764640625
6 0.7030596390625 0.169935309375 0.6885105578124999 0.17570381562499998 0.6748525640625 0.1941727375 0.6789651921875001 0.21278544375 0.6888196859375 0.22470340156250002 0.9156635484375 0.3021719390625 0.9207806796875 0.3023119953125 0.9313947031250001 0.29095425937499997 0.9504945078124999 0.250365590625 0.9496922015625 0.244176915625 0.931832796875 0.2375213890625 0.72309330625 0.17151141718750001 0.7030596390625 0.169935309375
6 0.699963825 0.11400754843750001 0.684988965625 0.1543665234375 0.6860699390625 0.161248015625 0.7069059125 0.16901279687499998 0.7615437140625 0.1811286859375 0.933817175 0.23826089218750002 0.9459470281250001 0.232768765625 0.9682132796875 0.1874704265625 0.9658614484375001 0.17952636718749998 0.9489942328125001 0.173240590625 0.7117262249999999 0.1013108640625 0.699963825 0.11400754843750001