6 0 0.2520638375 0.0036797343750000003 0.2542542671875 0.0235668453125 0.2553141953125 0.0490261796875 0.2415245390625 0.058883571875 0.2461754328125 0.0757415765625 0.2424769046875 0.087351821875 0.2313084859375 0.11562755312499999 0.21884765781249998 0.24420047500000003 0.17047714375 0.257857046875 0.17026202343750002 0.2621476140625 0.16229858749999998 0.25877925468749996 0.14655994375 0.24551311875 0.11449891718750001 0.2303675859375 0.09070664218749999 0.2181851859375 0.0816295 0.20834798437500002 0.08281434843749999 0.0224333375 0.159895246875 0.012829037500000001 0.170345471875 0.010458246875 0.18171164374999998 0 0.17844238437499998 0 0.2520638375
6 0.0683707203125 0.28893822187499996 0.072742053125 0.304317765625 0.10304391875 0.296974490625 0.1215430203125 0.303205746875 0.266973946875 0.2511367078125 0.27679095781249996 0.2441161109375 0.2830214984375 0.2453911578125 0.2833661515625 0.2289074296875 0.2624208953125 0.1832354515625 0.2539515140625 0.173413225 0.24560867343749998 0.17114155625 0.0943726234375 0.2287948078125 0.08355264375 0.236174503125 0.0791961 0.2540946171875 0.0569382015625 0.2644008640625 0.05226259531250001 0.27717653593749997 0.0683707203125 0.28893822187499996
6 0.0930841640625 0.37883626718749996 0.122788284375 0.372875596875 0.15052684375 0.3793046109375 0.301570375 0.3240574765625 0.314223975 0.3242014546875 0.3131402390625 0.30121756718750003 0.298253196875 0.2650625 0.2877576765625 0.250122721875 0.278604384375 0.245804034375 0.113519246875 0.306078525 0.1059612703125 0.32748204375 0.07849599375 0.34198989375 0.07542110468749999 0.3530238625 0.0885001203125 0.3600270953125 0.08753753125 0.37205767968750003 0.0930841640625 0.37883626718749996
6 0.045042465625 0.42525164374999996 0.0401743453125 0.44043343124999995 0.058156465625 0.47139028125 0.0745634625 0.48246066406250004 0.091846884375 0.4856213875 0.11852189843750001 0.4749022640625 0.1388142359375 0.4769857 0.3337960140625 0.40834442343750005 0.3380663921875 0.3945452421875 0.3334823515625 0.375736065625 0.3157789078125 0.338252171875 0.30730952500000003 0.328429946875 0.2989666890625 0.3261582796875 0.27350735312499996 0.339947934375 0.1007834765625 0.39828296406249997 0.0844114609375 0.426347984375 0.0516984265625 0.433385946875 0.045042465625 0.42525164374999996
6 0.35127054687500003 0.52479043125 0.2180678015625 0.5701441953125 0.2095728265625 0.5819501359375 0.2104236625 0.5956686484375 0.217484846875 0.6048264609375 0.22964705625 0.6080678578125001 0.3726870015625 0.5615292453125 0.388329325 0.5547601859375 0.38931210625 0.5485653421875 0.381313921875 0.52980995 0.374870671875 0.525105275 0.35127054687500003 0.52479043125
6 0.22815668437499997 0.6997518625 0.4105252453125 0.6426380984375 0.417014275 0.6315503515625001 0.411984625 0.6000461765625 0.3959020921875 0.5666563203125 0.38553311875 0.559267103125 0.376698890625 0.5600928578125 0.1961437546875 0.61889454375 0.1873701 0.637227534375 0.1787485796875 0.6414829140625 0.175116328125 0.6655709796875 0.188448434375 0.687675334375 0.20643595625 0.691168265625 0.220325428125 0.7002185187500001 0.22815668437499997 0.6997518625
6 0.4802754625 0.7754255437500001 0.24178085781249997 0.864320221875 0.2336911109375 0.877149671875 0.2362032359375 0.9066337156250001 0.2446928109375 0.9222916906249999 0.260887096875 0.9299324421874999 0.508428640625 0.843641640625 0.5119087546875 0.8336311859375 0.5085403953125 0.8178925421875001 0.4940585765625 0.7827609828125001 0.4896212734375 0.7773381140625 0.4802754625 0.7754255437500001
6 0.27481155 0.9781181 0.2839850328125 0.988272534375 0.2966386328125 0.9884165093749999 0.5377773078125 0.9090925249999999 0.542665621875 0.89974648125 0.5368457078125 0.8720310296875 0.5276318437499999 0.8502051046875 0.5160471875 0.8397453562500001 0.2733279859375 0.9266467921875 0.2668793390625 0.94940603125 0.27481155 0.9781181
6 0.39394908906250004 1 0.3848745703125 0.9784441562499999 0.3841300890625 0.9664404578125 0.380098009375 0.9620411000000001 0.3020587203125 0.9876445374999999 0.2809761171875 0.9893498234375 0.279399134375 1 0.39394908906250004 1
6 0.40818003281250004 1 0.5584035 0.9496200609375001 0.56228884375 0.9406331140624999 0.5587279625 0.9273005890625001 0.5521379765625001 0.9092096109375 0.5463988265624999 0.9048371421875 0.521922275 0.9124319562500001 0.385518096875 0.9612691281249999 0.3860902515625 0.9815146875 0.3935768546875 0.9975317562500001 0.3999078453125 1 0.40818003281250004 1
6 0.5793875796875 1 0.573356515625 0.975818453125 0.558808728125 0.9506435703125 0.40668327499999996 1 0.5793875796875 1
6 0.89047618125 0.5952552765625 0.8824578078125 0.5706641390625 0.864369328125 0.5379924765624999 0.8535951265625 0.5295797484375 0.8457638703124999 0.530046403125 0.5761569468750001 0.6242373406249999 0.56945520625 0.63189545625 0.5713292062499999 0.65109061875 0.5909726156249999 0.697812996875 0.5980338015625 0.7069708109375 0.6049684421875 0.7085780640625 0.881018615625 0.6190918062499999 0.8907292703125 0.6103563953125 0.89047618125 0.5952552765625
6 0.6569088640625 0.8021667984375 0.6462813984375 0.807140375 0.6449997484375001 0.8140265203125001 0.659800625 0.8543025234374999 0.6654536125 0.8627959203125 0.6719830250000001 0.8633796640625 0.9028994656249999 0.7900527640624999 0.9229589015625 0.7828708265625 0.9255424 0.7749342796875001 0.9076262500000001 0.73402075625 0.89382294375 0.7208495703125 0.6569088640625 0.8021667984375
6 0.9383629250000001 0.7943003078124999 0.9280801171874999 0.7827901578125 0.9229589015625 0.7828708265625 0.6938558875 0.85788565 0.6836538437499999 0.86971848125 0.678998428125 0.8883298999999999 0.692117828125 0.9070046234375001 0.7064986890625 0.912957453125 0.7265783171875 0.9116112640624999 0.9372428015625 0.8478724171875 0.95529629375 0.8414086718749999 0.9562790781249999 0.8352138296874999 0.9383629250000001 0.7943003078124999
6 0.96958019375 0.9064102625 0.971392425 0.9008430640625 0.9715238828125001 0.8970785859375001 0.9512184343750001 0.8528017374999999 0.9392487453125 0.8471542218750001 0.7653091859375001 0.9024187203125 0.7103180578125 0.9139271859375 0.6892556484375 0.9214682171874999 0.6879739953125 0.9283543625 0.7017719015624999 0.9689894609374999 0.7131640390625 0.9818553296875001 0.9525296703125001 0.912514909375 0.96958019375 0.9064102625