6 0.5133905453125001 0 0.5093454921875 0.007042864062499999 0.505270159375 0.0330103171875 0.5060721859374999 0.0650751765625 0.509235996875 0.0795272796875 0.516118871875 0.08438298125 0.528235378125 0.07896503593750001 0.6603647296874999 0.06644850468749999 0.6901328953125 0.0652101234375 0.7047137140624999 0.069728034375 0.7210080875 0.0658912453125 0.7278814078125 0.057988781249999996 0.7556857640625 0.0590082484375 0.7727952046875 0.049977968750000004 0.7859257671875 0.031689078125 0.785489109375 0 0.5133905453125001 0
6 0.7061961250000001 0.0807928125 0.6953760796874999 0.0676946421875 0.682967609375 0.06599959375 0.5272534765625 0.080093959375 0.5207876890625001 0.085399678125 0.517152040625 0.09702836406250001 0.5164907703125 0.1435447734375 0.523216365625 0.15709406875 0.5282093 0.1534817375 0.5395941578125 0.15528956562500001 0.68801788125 0.13893624531249998 0.70188965 0.12617974375000002 0.7314492671874999 0.1198606546875 0.72930906875 0.10529576874999999 0.738919553125 0.0889258265625 0.7298226171875 0.0802311203125 0.7061961250000001 0.0807928125
6 0.6962067765625 0.1380339921875 0.52726910625 0.1556268015625 0.5208867374999999 0.16296480468750002 0.5174596328125001 0.1796742 0.5184284953125 0.2158036265625 0.5264279578125 0.23533699375 0.5375208546875 0.23003183124999999 0.6921279593749999 0.2140179625 0.7140634953125 0.19731078124999998 0.742557790625 0.19008833281249998 0.7448040046875 0.182185315625 0.7392688546875 0.17258780468749998 0.748064271875 0.1614113515625 0.7410562671875 0.153507225 0.7112046875 0.152713321875 0.6962067765625 0.1380339921875
6 0.80297000625 0.2089505515625 0.8002745515624999 0.21843417187499997 0.76870941875 0.22599496718749998 0.7433502625 0.20939502812500002 0.56843775625 0.2317290921875 0.5406333984375 0.2307096265625 0.5341676125 0.236015346875 0.5305319625 0.24764403281249997 0.5295370203124999 0.28603130625 0.5328259562500001 0.30353183437500003 0.541964603125 0.3132426828125 0.7405036015625 0.2903469265625 0.7575713328125 0.2803005046875 0.7852505609375 0.2782715453125 0.79924745625 0.26856346875 0.8093906000000001 0.25264520625000003 0.8131739734375 0.219564759375 0.80297000625 0.2089505515625
6 0.7209932609374999 0.42876501093749997 0.7236470046875 0.41826524843749996 0.7190520515625 0.406522671875 0.7069676968749999 0.40019859531249996 0.5719343421875 0.417118040625 0.5512631171875 0.42705112500000003 0.5474189234375 0.433599103125 0.547678734375 0.45245411718749995 0.5509581156250001 0.4571964828125 0.567377615625 0.4564081203125 0.7115400562499999 0.436441359375 0.7209932609374999 0.42876501093749997
6 0.5551776890625 0.45979378125 0.548920446875 0.47018021093750006 0.54775866875 0.504502915625 0.555600853125 0.53272988125 0.5656379828125 0.53927951875 0.7485725484375 0.511978634375 0.7556544140625 0.5091568796875 0.7643664125 0.49594814375 0.778854259375 0.48567560624999995 0.7819894 0.46185321718749994 0.7694045375 0.44333543906250006 0.760150321875 0.4433343296875 0.7452775390624999 0.4317034265625 0.5632831656249999 0.456859246875 0.5551776890625 0.45979378125
6 0.8207023984375 0.703585525 0.8220822796875 0.6871016937500001 0.8128089515625 0.6615842562500001 0.8006828859375 0.6542440375 0.5559145187500001 0.67815039375 0.54842511875 0.68356889375 0.5466281484375 0.6898913078125 0.547555303125 0.72500459375 0.5507191125 0.739456696875 0.5576854078125 0.74634468125 0.809410515625 0.71656814375 0.8207023984375 0.703585525
6 0.81171755 0.735197596875 0.7971688828125 0.7189376640625 0.5494548046875 0.7462307921875 0.5433226906249999 0.7596656453125 0.5437076249999999 0.7815690859375 0.549377459375 0.8069731859375 0.5573256578125 0.812732246875 0.8006950328125001 0.7797933953125 0.8117879296874999 0.7744882296875 0.815914528125 0.7622950828125 0.81171755 0.735197596875
6 0.7168839859375 0.7920899046875001 0.7150453046874999 0.797396178125 0.7190658921875 0.80767093125 0.7194925390625 0.8305905156250001 0.8166105421875001 0.8168278453125 0.8259803281250001 0.8071192140625 0.8241642453125 0.7879253 0.8148587624999999 0.7741498859375 0.7956186828125 0.78137344375 0.7168839859375 0.7920899046875001
6 0.711807634375 0.793669953125 0.5725964171875 0.809008240625 0.548071440625 0.8127311390624999 0.544718196875 0.8187146546875 0.5459599125000001 0.8364407484375 0.54801669375 0.848973346875 0.554941278125 0.854845190625 0.7114287703125 0.8345411921875 0.7188347515625 0.8270904078125 0.71919101875 0.8107193562499999 0.711807634375 0.793669953125
6 0.8169954781250001 0.8387312859374999 0.8092879796875 0.8263109109375 0.800357878125 0.8216807734374999 0.5549829875000001 0.8558613328125 0.5519729718749999 0.882732146875 0.5566191921875 0.9082490296874999 0.5625618765625 0.9152497937499999 0.8089186703125 0.879940315625 0.8149769250000001 0.877231340625 0.8212341671875001 0.8668449140625001 0.8169954781250001 0.8387312859374999
6 0.65532820625 0.975651071875 0.7770354953124999 0.9549048156250001 0.7881701 0.9506157937499999 0.7932786015625 0.9372937234375 0.792527840625 0.91900316875 0.7867007265625 0.902292665625 0.7721937703124999 0.887048875 0.5687452578125 0.915589246875 0.5581433125 0.92032995 0.556397609375 0.9404266703124999 0.561419209375 0.9750888296875001 0.5668376359375 0.9854009578125 0.65532820625 0.975651071875
6 0.12178143125 0.6729048171875001 0.12429700937499999 0.6966149796875001 0.1299572875 0.709260915625 0.1419165140625 0.7125365671874999 0.42000527656250003 0.6737308609375 0.4254891609375 0.6695540640625001 0.4281429078125 0.6590543015625 0.42724790468749996 0.6121989937500001 0.42142079062500004 0.5954884890625001 0.4125324 0.5918744921875 0.13828783281249998 0.624132225 0.1312059671875 0.6269539796875 0.12499043437499999 0.638356546875 0.12178143125 0.6729048171875001
6 0.4267942859375 0.8266038203124999 0.428466128125 0.8172329796875 0.425815865625 0.777716228125 0.422003825 0.7725221828125 0.4107023859375 0.7727466374999999 0.17027871875 0.8022987203125 0.16324811875 0.81889478125 0.1634019125 0.8602177 0.16877022656250001 0.8657506406250001 0.1892424640625 0.8634950124999999 0.4212686921875 0.8297644734375 0.4267942859375 0.8266038203124999
6 0.1815088859375 0.9255913390625 0.3919558453125 0.892196928125 0.41017231406250004 0.885086153125 0.42052400468749995 0.8742485984374999 0.424807884375 0.8533618531249999 0.413455178125 0.8398120015625 0.3998562609375 0.83416516875 0.16877022656250001 0.8657506406250001 0.1642265375 0.867782371875 0.15965069375000002 0.8815561234375 0.159804490625 0.9228790437500001 0.163083871875 0.9276214078124999 0.1815088859375 0.9255913390625
6 0.43616666249999997 0.9296863828124999 0.4324927859375 0.8902824125000001 0.428680746875 0.88508836875 0.4071848953125 0.8874567796875 0.35424904062499996 0.9004344124999999 0.1794616609375 0.9258169015625001 0.17111548593749998 0.935412753125 0.17045421562500002 0.9819291609375 0.1758225296875 0.9874621031249999 0.19322393124999998 0.98554481875 0.4311415765625 0.9450407375 0.43616666249999997 0.9296863828124999