6 0.9075865734375 0.4384225875 0.901669721875 0.4507684078125 0.9065430609374999 0.4581665328125 0.921466978125 0.46216018906249995 0.9547291640625 0.4645508109375 0.981780640625 0.46157003906250005 0.9942988546875 0.45503448593750007 0.99438514375 0.44761883750000003 0.978367153125 0.173495184375 0.9628945671875 0.172557740625 0.9435938187499999 0.1853342234375 0.93380669375 0.20270051875 0.9341917656250001 0.23168389375 0.9258230468749999 0.2384529578125 0.9214462187500001 0.2552230984375 0.925782596875 0.270615503125 0.9237766078125 0.3015328953125 0.9075865734375 0.4384225875
6 0.8851242156250001 0.227902565625 0.8700584578124999 0.2249686328125 0.8627840125 0.2554224578125 0.8492076453124999 0.2692387265625 0.8286407796875 0.422898559375 0.830241609375 0.434833653125 0.826371334375 0.4398541265625 0.8402719640624999 0.44751045625 0.8885695046875 0.44907962343749996 0.9007274671875001 0.445860584375 0.9063910390625001 0.4393895953125 0.9247897125 0.2780335625 0.9233307265624999 0.265038746875 0.90999745625 0.253143525 0.9111524046874999 0.2285844671875 0.902347984375 0.2186960421875 0.8851242156250001 0.227902565625
6 0.7974348124999999 0.2100008859375 0.7892485171875 0.23930227343750002 0.771376353125 0.2613181875 0.7510121390625 0.4214290703125 0.7452371296875 0.43271516718749997 0.765318065625 0.44198750468750003 0.802795015625 0.44474898124999995 0.8202214328125 0.4419935078125 0.8279923874999999 0.43570794843750005 0.85034236875 0.26076094375 0.8354690765624999 0.244441403125 0.8353676875 0.21333857968749997 0.8273332765625 0.20566231406250002 0.815519803125 0.21427268437500002 0.8056920968749999 0.20804693125 0.7974348124999999 0.2100008859375
6 0.779319284375 0.146219109375 0.7685493218749999 0.1350855328125 0.7341220109375 0.1374173078125 0.7173541640625001 0.14720005 0.70693886875 0.16129446249999999 0.7041628703125 0.1899996953125 0.693322053125 0.2072732765625 0.66475131875 0.41276681875000004 0.6746094296875 0.422747959375 0.692694421875 0.4270197578125 0.7325624328125 0.42784721406250004 0.744720396875 0.42462817499999994 0.7503839671875 0.4181571875 0.7499988937500001 0.3891738125 0.7774146843749999 0.208239325 0.7607987265625 0.1810444109375 0.7694105437500001 0.1485638546875 0.779319284375 0.146219109375
6 0.5576597765625 0.376538803125 0.578490096875 0.2368407984375 0.572218578125 0.22395863125 0.56014165 0.2186071734375 0.5491792171875 0.22085920468750003 0.5409827421875 0.23032393281250002 0.5167684765625 0.379374015625 0.515552721875 0.3964223 0.520395653125 0.40006503593750004 0.53995985625 0.40125037812500003 0.546849365625 0.3975677703125 0.5576597765625 0.376538803125
6 0.46347558125 0.188121403125 0.43071030468749993 0.37716281875 0.4372655046875 0.387925540625 0.46637373593750003 0.39745608125 0.5020269828124999 0.397912684375 0.512959009375 0.391905265625 0.5162011140625 0.383612909375 0.54671716875 0.1954457875 0.53500495 0.1794043890625 0.535227825 0.1697741671875 0.516312015625 0.15577943593750002 0.4915097609375 0.15788591093749998 0.48049670000000005 0.172463828125 0.4665758453125 0.18088876874999998 0.46347558125 0.188121403125
6 0.286334415625 0.3805423078125 0.317073209375 0.12699037500000002 0.3097480015625 0.11401549687500001 0.2834867578125 0.10312715312500001 0.266344021875 0.103763178125 0.2525954125 0.11488378437499999 0.2155952828125 0.37539021093749997 0.22257600000000002 0.3829737625 0.23749992031249997 0.38696741874999996 0.273923178125 0.38963618125 0.2805290046875 0.3880730171875 0.286334415625 0.3805423078125
6 0.20529075468750002 0.10589655625000001 0.1925350265625 0.10959910312500001 0.1867600171875 0.1208852015625 0.146679846875 0.3725429859375 0.1524650359375 0.3810935453125 0.178695871875 0.3882265015625 0.20142115 0.389689984375 0.21551425000000002 0.38396070937500004 0.2498396359375 0.127507746875 0.2333148890625 0.11157899687499999 0.20529075468750002 0.10589655625000001
6 0.1320696140625 0.202921496875 0.15584857968750002 0.20447769531249999 0.16641589375000002 0.20916022031249998 0.1719680296875 0.20750434218749997 0.184997125 0.12609109999999998 0.192960546875 0.10641993281249999 0.1788876703125 0.0960679390625 0.159009384375 0.0932466546875 0.14870552812499999 0.1025259546875 0.1320696140625 0.202921496875
6 0.15268750625 0.204199553125 0.1356866109375 0.20377585781250002 0.127773815625 0.21112114062499998 0.10291115625 0.37298061250000003 0.10883818281249999 0.380471453125 0.12179656093749999 0.383219959375 0.14016523281249998 0.3853723109375 0.1464569734375 0.38217320625 0.1509148375 0.3568325671875 0.1702051359375 0.21271024375 0.15268750625 0.204199553125
6 0.0969024234375 0.09528731875 0.0859703984375 0.1012947359375 0.083011971875 0.10746764687499999 0.040398898437500004 0.3621191734375 0.047521459375000005 0.368643003125 0.0738941375 0.3747162328125 0.101857465625 0.3728879 0.1432750078125 0.11920338125 0.1386853515625 0.1096858109375 0.12598025 0.1010624703125 0.0969024234375 0.09528731875
6 0 0.3645923734375 0.014117434374999998 0.367312103125 0.03501900625 0.366470715625 0.0401962515625 0.355668121875 0.07474464374999999 0.1453395328125 0.0592735890625 0.129503496875 0.04207004375 0.122628746875 0.0231036078125 0.12095990000000001 0.009152346875 0.125629453125 0.00443103125 0.1370082671875 0 0.15975099375 0 0.3645923734375
6 0.2567207046875 0.8287981609375 0.281269684375 0.83256651875 0.31720661250000004 0.8309036750000001 0.3291923296875 0.8249889703125 0.3322925953125 0.8177563390625 0.3724132140625 0.53393600625 0.36887725 0.5245111515625 0.35167370625 0.5176364015625 0.3030620796875 0.5144312921874999 0.29209965000000004 0.5166833234375 0.28763160781249997 0.5221873031250001 0.2406214828125 0.8096902406250001 0.243731925 0.8222942671875 0.2567207046875 0.8287981609375
6 0.18463335 0.5270631796874999 0.1851399015625 0.515313515625 0.17984104375 0.511094559375 0.1388889375 0.506419 0.1291220375 0.507704021875 0.12570768593749998 0.5133007125 0.085080378125 0.7531161187500001 0.0822435703125 0.7743105781249999 0.0878565140625 0.7801654765625 0.1307437578125 0.7823307984375 0.148139771875 0.7758199375 0.18463335 0.5270631796874999
6 0.065617565625 0.783033596875 0.08002475 0.7789402609375 0.0822435703125 0.7743105781249999 0.1206216578125 0.5353694671875 0.1150897453125 0.5209440734374999 0.10130055 0.5084726328125 0.0795175265625 0.5119169718750001 0.06801813906250001 0.5221632828125 0.06019655625 0.5407747281249999 0.0204405171875 0.7581505234375 0.017887387499999997 0.7772255359375 0.022730321875 0.780868275 0.065617565625 0.783033596875
6 0 0.620504046875 0.008644740625 0.7684456843749999 0.0099948203125 0.7684895468749999 0.0201568359375 0.7602699687500001 0.050733696875 0.5796136234375 0.0654852359375 0.525157025 0.0684638859375 0.5029028421875 0.0631650265625 0.4986838859375 0.022354760937500003 0.49294860468749996 0.00629611875 0.49743273125 0 0.529784625 0 0.620504046875