6 0.4700793640625 0.11292158593749999 0.4816378109375 0.11947085937499999 0.4891334265625 0.1152671265625 0.49401101562500005 0.10112904687499999 0.49857595000000005 0.069177115625 0.49751798750000004 0.042857471875000004 0.496498728125 0.0405288359375 0.4825396046875 0.039389362500000004 0.2169794328125 0.036289223437500004 0.2162941359375 0.0415051671875 0.22736467187499998 0.06100549843750001 0.24352439218750002 0.0716316796875 0.271624671875 0.0732241078125 0.2776154875 0.081762671875 0.293563615625 0.08712492656250001 0.3087664390625 0.0839813875 0.33857837968750004 0.0880134078125 0.4700793640625 0.11292158593749999
6 0.2646438453125 0.12034154062499999 0.2607831453125 0.1346883828125 0.28978978906249997 0.1437755703125 0.302254596875 0.15781959843749999 0.44970371093750006 0.1880900296875 0.46137268281250005 0.18735330781249998 0.46597395625000004 0.191430215625 0.47433013281249997 0.1785283171875 0.4791161203125 0.1320043953125 0.4768202140625 0.1200479828125 0.4709351953125 0.11414138124999999 0.315884671875 0.08544271875000001 0.303198809375 0.0859706796875 0.29077506875000003 0.0980375328125 0.26706447031249997 0.09525808125 0.256890834375 0.10308842343749999 0.2646438453125 0.12034154062499999
6 0.2413738484375 0.20379062343749998 0.269202540625 0.2136800828125 0.289319296875 0.2324273046875 0.443030809375 0.262939271875 0.45357236562500003 0.2692797828125 0.4639117921875 0.250520446875 0.4691209625 0.21452438125 0.4676303546875 0.197512803125 0.4620674546875 0.189584134375 0.2941194734375 0.15614950625 0.2773060546875 0.16940337656249999 0.24717199375 0.16739342343750002 0.23919320000000002 0.17463025625 0.2467346171875 0.18661944375 0.24003956718750002 0.19568597031249998 0.2413738484375 0.20379062343749998
6 0.1783677125 0.21695828593750002 0.1668550671875 0.22660193281250002 0.1667856109375 0.259998809375 0.1751275953125 0.2768507890625 0.1880755875 0.28786171875 0.21569268749999998 0.29248724843749996 0.2316913484375 0.3041244625 0.42880702812499993 0.3456352453125 0.439141725 0.33679386875 0.4445024953125 0.3196226890625 0.44800000312500005 0.281187034375 0.44570410000000005 0.2692306203125 0.43981907812500004 0.26332402187500004 0.4117187984375 0.2617315921875 0.238313715625 0.22300025781250002 0.2108482109375 0.2371996125 0.179968846875 0.22668387031249998 0.1783677125 0.21695828593750002
6 0.38647350937499997 0.4465747078125 0.25256609218750004 0.41699611093750005 0.23966390624999998 0.422178103125 0.2336636296875 0.43347545624999995 0.23510370468750003 0.4442120765625 0.2437172734375 0.4527670265625 0.386454584375 0.4862465453125 0.40288589375 0.488575696875 0.4067418640625 0.4841468171875 0.40921301874999993 0.4653383171875 0.4061118171875 0.45843707343749995 0.38647350937499997 0.4465747078125
6 0.197597240625 0.5247384953124999 0.3784932078125 0.56918405625 0.38936161406249997 0.563584540625 0.400561603125 0.5361270390625 0.4034148734375 0.50173551875 0.398335153125 0.49077375156249997 0.39052214687500003 0.48708159218749997 0.21032095 0.4448668609375 0.1939907109375 0.455087634375 0.184677634375 0.45421981093749997 0.1698427328125 0.4715342015625 0.17020592343750002 0.495623015625 0.18358182812499999 0.50724384375 0.19080112656249998 0.5212550984375001 0.197597240625 0.5247384953124999
6 0.372003515625 0.7088049828125 0.1284835265625 0.6619440625 0.11542028124999999 0.6681370875 0.10309760625 0.6927538609375 0.10255443281250001 0.70934791875 0.1123964859375 0.7233755609375 0.36222941249999996 0.7767529796875 0.3700471484375 0.7705271796875001 0.3749247375 0.7563891 0.3799728515625 0.7214040671874999 0.3789054265625 0.7149203453124999 0.372003515625 0.7088049828125
6 0.10049226874999999 0.7684381499999999 0.10321608906249999 0.7810044625 0.11375764531250002 0.7873449734375 0.354811209375 0.8430964328125 0.3634847734375 0.8380904265625 0.37216780156249996 0.8132485046875001 0.3751221390625 0.79140690625 0.370525596875 0.777412040625 0.1244381125 0.7268917328125 0.1078915484375 0.7417665343750001 0.10049226874999999 0.7684381499999999
6 0.189522325 0.8457070296874999 0.19263772343750002 0.8228544 0.1978879640625 0.8129692125 0.19665948125 0.8074965234375 0.1186810375 0.7893998125 0.10016541718750001 0.780378175 0.0891864859375 0.7932636859375 0.0851094625 0.8122645593750001 0.09340091406249999 0.822841578125 0.189522325 0.8457070296874999
6 0.1921545421875 0.825887496875 0.1905944796875 0.8422727921875 0.1971742703125 0.8504102203125001 0.35227532500000003 0.885383846875 0.3599320015625 0.88016908125 0.36347058125 0.86784430625 0.36679757031250004 0.8502556015625 0.36412428124999996 0.8439642546874999 0.3398799703125 0.8379429421875001 0.20158287343749998 0.8095513640625001 0.1921545421875 0.825887496875
6 0.0828862375 0.8723658265625 0.08796595625 0.8833275921875 0.09374518125 0.886602228125 0.337527296875 0.9450020406249999 0.3443281421875 0.938567478125 0.351994278125 0.9135167921875 0.352114265625 0.88639488125 0.10918798125 0.8292148625 0.099658584375 0.8330010734375 0.0904465765625 0.8446831749999999 0.0828862375 0.8723658265625
6 0.332966553125 1 0.3407800984375 0.9707281703125 0.3413785359375 0.9504911171874999 0.33126489375 0.9447605015624999 0.129870059375 0.8971507453124999 0.11348455312500001 0.9110145140625001 0.10566208749999999 0.9271582734375 0.10276301406249999 0.9453568734375001 0.10634266562500001 0.95914298125 0.11704528125 0.96447245625 0.24970675 1 0.332966553125 1
6 0.804196140625 0.7677747828125 0.809506375 0.744328640625 0.8103258671875 0.7095195984375 0.8054072031249999 0.697546796875 0.798611090625 0.6940634 0.5264065765625 0.6360932234375001 0.517038240625 0.6388684 0.509215775 0.655012159375 0.5028239218749999 0.70172845625 0.504263996875 0.7124650734375 0.5092931859375 0.7171518796874999 0.7845989046875 0.7820233 0.7970179125 0.779874409375 0.804196140625 0.7677747828125
6 0.5070510374999999 0.8169249828125 0.4957041828125 0.8156396375 0.4912592390625 0.8204696578125 0.48396102343749997 0.85969119375 0.48454526875 0.86920801875 0.48973551562499995 0.8728837921875 0.7192811640625 0.9283609390625 0.7396189734374999 0.9325361734375001 0.7456697828125 0.9275137796875 0.7506673625 0.8862537875 0.74553710625 0.86901705625 0.5070510374999999 0.8169249828125
6 0.74694406875 0.9491793921875 0.743953390625 0.93499215 0.7396189734374999 0.9325361734375001 0.5107680953125 0.8792898515625 0.496421103125 0.8836531843750001 0.4834083890625 0.8961211718750001 0.4852716484375 0.9173856468749999 0.49441893124999997 0.9291824609375 0.5119176609375 0.9379953343749999 0.7197864921875 0.99111055625 0.7380905203125 0.9948682671875 0.741946490625 0.990439384375 0.74694406875 0.9491793921875
6 0.7277643265625 1 0.721820271875 0.99152808125 0.5488983671875001 0.949763646875 0.497147484375 0.9318308109375 0.475792784375 0.9274468171875 0.471347840625 0.9322768359375001 0.4630327328125 0.9712896125 0.4662902671875 0.9870977859375 0.514508365625 1 0.7277643265625 1