6 0 0.5066112453125 0.0005951999999999999 0.51119375 0.0327383359375 0.59606865625 0.0511985046875 0.6048859249999999 0.059663215625 0.61736689375 0.0699269109375 0.6174290671875 0.08336466249999999 0.60992230625 0.081633475 0.5947820421875 0.0884008953125 0.5783432203125 0.07961396875 0.5417923171875 0.052493250000000005 0.47324143906250005 0.0351692109375 0.467736328125 0.0210146296875 0.4706299875 0.0056021390625 0.4774264890625 0 0.4838711671875 0 0.5066112453125
6 0.14789575625 0.553285596875 0.11309034843750002 0.465275503125 0.1027387765625 0.4586488 0.084186125 0.4592347109375 0.06356625625 0.4685135390625 0.056472015625000004 0.47685013437499996 0.0863721765625 0.5572889046875 0.087415828125 0.5700042375 0.0945640484375 0.5820117 0.118826653125 0.6001747468749999 0.1347756140625 0.60083 0.14231845 0.5933806328125 0.14124550625 0.5784771234375 0.147652209375 0.5677156 0.14789575625 0.553285596875
6 0.1805059046875 0.5751769125 0.1430382203125 0.484031628125 0.1331352453125 0.47829215312500006 0.12332014531249999 0.4791172078125 0.1203557390625 0.48603566875000004 0.14971942656249998 0.5590226828125 0.14217198749999999 0.58243975625 0.14195773125 0.599057934375 0.15179751875 0.6163887609375001 0.167327178125 0.6183449609375 0.17531860625 0.6117828234375 0.174694259375 0.5977665421875 0.18188098125000002 0.5800267703124999 0.1805059046875 0.5751769125
6 0.2199788953125 0.45726411406249995 0.2124699578125 0.450933953125 0.20086047968749998 0.44821009375000004 0.1779976375 0.4530527875 0.1634530453125 0.45943557031250004 0.15180966875 0.4704912421875 0.150039978125 0.4850982109375 0.15503310312500002 0.49923406562499995 0.20739228281250002 0.6262223828125 0.21932858125000002 0.6370484703125 0.24518051875000002 0.6434431953125 0.2496664640625 0.65231546875 0.256907165625 0.65491975625 0.26513753906250004 0.64989531875 0.26535179375 0.633277140625 0.2784041421875 0.613291796875 0.28047136093749997 0.604598878125 0.27718473593750004 0.5874474078125 0.2199788953125 0.45726411406249995
6 0 0.6096787046875 0.012436076562499999 0.6453851234375 0.02720119375 0.7044108625 0.035695196875 0.719080009375 0.0646580046875 0.7294971515625 0.0744977921875 0.7468279812499999 0.0826063890625 0.7490185453125 0.09257255625000001 0.7431666671875 0.08859839375 0.7235902671875001 0.10524410312500002 0.6947350375 0.098729440625 0.6648084484375001 0.078152678125 0.6283723359375 0.0592439140625 0.6186678421875 0.051676392187499996 0.6079613265625 0.02875956875 0.5924599609375 0.013750904687500001 0.547864225 0.01150793125 0.5434280890625 0.0058226640625 0.5428350109375 0 0.545813115625 0 0.6096787046875
6 0.1509296234375 0.6168024828124999 0.139831928125 0.6033744999999999 0.11646190781250002 0.6029536109375 0.114457878125 0.6000551781250001 0.10634467343750001 0.6138323171875 0.1085244578125 0.6298598078125 0.0989483015625 0.6322225625 0.09185406093750001 0.6405591562499999 0.113318803125 0.7107051328125 0.1249236765625 0.7293966937499999 0.1591524484375 0.7417078609375001 0.165910659375 0.7572044499999999 0.17530645625000002 0.7576803437499999 0.1837171875 0.74981725625 0.1800405546875 0.7361549125 0.1953111875 0.7024498234375 0.193341053125 0.685771859375 0.164094534375 0.6215375484375001 0.1509296234375 0.6168024828124999
6 0.244761215625 0.64474414375 0.21624700468750002 0.635214228125 0.20873806875 0.628884065625 0.1862497578125 0.5801463421874999 0.1783169109375 0.59108483125 0.1746896546875 0.6137342484375 0.1688826140625 0.6203561703125 0.1811411265625 0.655252190625 0.1959447453125 0.6845306953125 0.224878259375 0.6927596625 0.2271798171875 0.7015721515625 0.23618560312499998 0.705537171875 0.244864571875 0.7013999609375 0.241816890625 0.68578619375 0.2540599265625 0.6705909203125 0.257623996875 0.659532859375 0.244761215625 0.64474414375
6 0.2734679375 0.5055378875 0.2618337734375 0.48465815156250003 0.24798132343749998 0.4774981578125 0.23903412031250001 0.4779094890625 0.23298813593749998 0.4829937125 0.2808906625 0.6032979296875001 0.2786430859375 0.614829496875 0.2662489828125 0.63505159375 0.264508584375 0.651846740625 0.2877861234375 0.66167080625 0.2927206640625 0.6714303078125 0.29864487500000003 0.6735610875 0.30774314375 0.6681229296875 0.30517335 0.6555845640625 0.319512896875 0.63388455 0.3208925796875 0.622766703125 0.2734679375 0.5055378875
6 0.41709352343750006 0.6319617937500001 0.3321626984375 0.45333492968750005 0.3209139390625 0.44493377343749996 0.2958374171875 0.44752850312500003 0.2691715625 0.4618915546875 0.2626430859375 0.479868078125 0.3274750359375 0.6251342359375001 0.3329460453125 0.642345490625 0.33413615937499996 0.66600170625 0.3444831234375 0.6885961125 0.3538496296875 0.686883834375 0.365308040625 0.694634515625 0.3931979046875 0.6901481484375 0.41486602968749997 0.6776169484375 0.4107115078125 0.6608791968750001 0.42435891249999996 0.6527219609375 0.41709352343750006 0.6319617937500001
6 0.4726481234375 0.5735482453125 0.401711603125 0.42898995624999997 0.38875634375 0.4236044171875 0.3750210625 0.4251971265625 0.34488362031249997 0.44121506093749996 0.336141465625 0.4569436234375 0.411203209375 0.6160514859374999 0.4458219921875 0.62487353125 0.4494107484375 0.6319713499999999 0.455783553125 0.6349893578125 0.4614102375 0.6312060828125 0.46033729375 0.6163025734375001 0.47506685156249995 0.5911134359375 0.4726481234375 0.5735482453125
6 0.467783040625 0.634224090625 0.45449635625000007 0.6367040265624999 0.4449833890625 0.627475428125 0.41781495937499996 0.62060719375 0.4139240703125 0.6235630265625 0.4256754046875 0.65319546875 0.4133444921875 0.6618262109375 0.41636287968749996 0.6752518046875 0.41342776406250004 0.68435844375 0.45487421406250006 0.7791124218750001 0.46917065312500006 0.8031273484374999 0.49199960000000004 0.8120641859375001 0.5074953625 0.8277999156250001 0.5177590546874999 0.8278620906249999 0.5270376828125001 0.8195852828125 0.523751059375 0.8024338125 0.5338728984375 0.7755874015625001 0.51667984375 0.73093188125 0.467783040625 0.634224090625
6 0.5332360125 0.59751771875 0.5214168828125 0.5954443359375 0.517408825 0.5896474640625 0.48060565468750005 0.580765634375 0.4773437203125 0.5817700453125 0.4649743046875 0.6201480218750001 0.5005011484375 0.6968035171875 0.50893656875 0.707096309375 0.5273381515625 0.711537225 0.5458861984375 0.7269190203125 0.5613279796875 0.72231069375 0.5608546999999999 0.7032675859374999 0.5709179515625 0.6720448234374999 0.5399356359375 0.6086379546875 0.5332360125 0.59751771875
6 0.53702815 0.5219383625 0.4711140484375 0.39370410625 0.452024925 0.38683826093749996 0.43700244687499995 0.3901456390625 0.41294028281250006 0.40326752812500005 0.4047977859375 0.4148564921875 0.4033888140625 0.42378616406249997 0.4805763640625 0.578577459375 0.5084323296875 0.5878706218749999 0.5167212875 0.587222534375 0.5236012718749999 0.595504121875 0.53081268125 0.59592023125 0.535332521875 0.591012978125 0.5327627296874999 0.578474609375 0.547882296875 0.54979635 0.53702815 0.5219383625
6 0.6129067546875 0.5463263359375 0.6097373 0.53792756875 0.57293413125 0.5290457390625 0.49819460156249995 0.3940078109375 0.482362809375 0.4021052625 0.48050524218749996 0.41014770624999997 0.5468972296875 0.541457365625 0.54542506875 0.561978390625 0.55472838125 0.5718574640625 0.582525765625 0.5767742734375 0.5942524125 0.5882508343749999 0.6018831234375 0.5873659953125 0.605954371875 0.5815715124999999 0.601439134375 0.5705110640625 0.6129067546875 0.5463263359375
6 0.63432045625 0.48216614375000005 0.55686006875 0.3396166765625 0.542139721875 0.33287040156250003 0.5271172421875 0.33617778125000003 0.5000320859375 0.35184178125 0.4914702859375 0.36473169375 0.49095850468749996 0.37543581875 0.5738020265625 0.5286320171875001 0.6086011671875 0.5346154125 0.618562728125 0.5447312375 0.62532554375 0.5442601203125 0.6298453875 0.539352865625 0.6248522624999999 0.5252170109375001 0.638026384375 0.4980166671875 0.63432045625 0.48216614375000005
6 0.7127918796875 0.4392539578125 0.635897253125 0.3063444203125 0.6202504249999999 0.29563551875 0.6095674296875 0.29687429062500004 0.5776941953125 0.3137196671875 0.5665579984375 0.3300389203125 0.5668848203125 0.3381411484375 0.6523320328125 0.4900961828125 0.6828209828125 0.500336359375 0.69152924375 0.49838732500000005 0.699755009375 0.5093305921875 0.707834315625 0.50933298125 0.710589071875 0.5030649921875 0.7060738343749999 0.49200454374999997 0.71571318125 0.47805043437499994 0.71957938125 0.456938721875 0.7127918796875 0.4392539578125
6 0.7893425421875 0.41597556874999997 0.7040124999999999 0.2727732390625 0.6954260125 0.2675072703125 0.6777412578125 0.2676794609375 0.6506268093750001 0.281155284375 0.637725528125 0.2961138015625 0.6367651484375 0.3059307 0.706452971875 0.42245642187500004 0.72397745 0.45924646874999997 0.7421986765625 0.4665260328125 0.763174659375 0.467537609375 0.7735848140625 0.4785406640625 0.7794797328125 0.4784832671875 0.783999575 0.4735760125 0.778138553125 0.4598538796875 0.7892747484375 0.44353462656250003 0.7893425421875 0.41597556874999997
6 0.86081220625 0.3719968 0.769436178125 0.23387869218750001 0.7564516234374999 0.226304978125 0.7418777390625 0.230499584375 0.7152411765625 0.24705081093749998 0.7062307828125001 0.2590534953125 0.7048218109375 0.26798316718750004 0.7155880796874999 0.289276625 0.796822190625 0.42011755781250004 0.8254874671874999 0.42462064843749997 0.8444255249999999 0.43651331718749997 0.8526851890625 0.4336770546875 0.8576243343750001 0.4274688515625 0.857243534375 0.399022565625 0.864908140625 0.3843581984375 0.86081220625 0.3719968
6 0.938377228125 0.35924557031250004 0.8274680875 0.197406684375 0.817565109375 0.1916672109375 0.8081986062500001 0.1933794890625 0.7824299390625 0.2095169953125 0.772878471875 0.2300356328125 0.8776537515625 0.3903942125 0.885820934375 0.3969611296875 0.8941098921874999 0.39631304375 0.924905578125 0.3805318625 0.93568105625 0.3698899109375 0.938377228125 0.35924557031250004