6 0.912211671875 0.5544943234375 0.9277935906250001 0.56125138125 0.9385915218750001 0.5602961515625 0.9451303359375001 0.5463914578125 0.962893946875 0.53548665625 0.9805878609375 0.4431332296875 0.979281946875 0.417145290625 0.9688855625 0.407933059375 0.9513590671875001 0.40209669375 0.935900471875 0.40026991562500003 0.9187028375 0.40758096562499996 0.9031906140625001 0.482272534375 0.9008951296875001 0.5216058453125 0.9111524046874999 0.5383669484375 0.912211671875 0.5544943234375
6 0.8469718984375 0.54214799375 0.8563343359375001 0.5493554296875 0.8730070984375 0.5472815578125 0.8951025109374999 0.5260113421875 0.9003449437500001 0.5127204421875 0.8990232421875 0.4992116578125 0.9151994437500001 0.41173403906250006 0.9061405499999999 0.403551440625 0.8826570078125 0.3955468625 0.86300571875 0.39653662968750003 0.8533650609375 0.4044269359375 0.8334641375 0.5003196421875 0.8364679796875001 0.515526328125 0.8452644406250001 0.5263275140625 0.8469718984375 0.54214799375
6 0.8413690296875 0.5672497812499999 0.8484327125 0.548107909375 0.8450431125 0.53058953125 0.8326357249999999 0.5065319828125 0.8496656578125 0.42696460468749997 0.8452263203125 0.4199205859375 0.83473193125 0.4199006515625 0.8253948125000001 0.42681579531249997 0.8032868796875 0.52624778125 0.8027620125 0.5314849609375 0.813708584375 0.5495825937500001 0.8157195859374999 0.5644279125 0.8253855640625 0.5706601828125 0.8413690296875 0.5672497812499999
6 0.813578721875 0.4132870765625 0.7992109703125 0.40262936875 0.7826773171875 0.3971543703125 0.7576760671875 0.394025603125 0.7459675078125 0.3979063171875 0.7392642640625 0.4052373 0.7038004812499999 0.547576415625 0.7036044734375 0.5659610109375001 0.7074367265625 0.5749553578125 0.724988540625 0.5949143046875001 0.7283781375 0.6124326828125 0.7380030093750001 0.61702153125 0.74513311875 0.613645665625 0.7481685390624999 0.60389404375 0.7741784218750001 0.594905028125 0.7846886 0.5824458078125 0.81565615 0.44389839843749995 0.818223596875 0.42854823125 0.813578721875 0.4132870765625
6 0.9394929015625 0.7012150546875 0.94761585 0.698200559375 0.95467953125 0.6790586859375 0.9831999671875 0.665555228125 0.9893530234375 0.6493388437500001 0.9936657671875 0.5857699640625 0.9999220140625 0.547278065625 0.9976997359374999 0.48351092500000004 0.9811064703125 0.47697693750000003 0.9752316375 0.47809558125 0.973713925 0.48297139062500005 0.9663973390624999 0.531333584375 0.9452125515625 0.5496783140625 0.939280821875 0.5616326828125 0.9212136703124999 0.5735126453125 0.906479221875 0.6137467156249999 0.9053156906250001 0.645892521875 0.9283407890625 0.6749002859375001 0.9278823468749999 0.695903471875 0.9394929015625 0.7012150546875
6 0.8895091734375 0.5777148624999999 0.8887534484374999 0.5606123249999999 0.87758555 0.546776709375 0.87602673125 0.5500090906249999 0.8514934500000001 0.55247886875 0.8423618703125 0.5676111484375 0.8293980359375 0.5737490859375 0.810825075 0.64406969375 0.8119254515625001 0.6618404953125 0.8344256812499999 0.6960854390625 0.833154615625 0.710821809375 0.84350989375 0.718390615625 0.853314984375 0.71707401875 0.85748235625 0.7001348968750001 0.8911883250000001 0.684176265625 0.8998519328125001 0.6634454375 0.9091035656249999 0.587560821875 0.900044671875 0.5793782234375 0.8895091734375 0.5777148624999999
6 0.7770747296875 0.5927022796875 0.7488578390625 0.605230575 0.7381263328125 0.6219518093749999 0.7439853750000001 0.6333123203125 0.7597728328125 0.6482865140625 0.7595357171875 0.66502768125 0.76946413125 0.66864136875 0.7781941640625 0.6636765484375 0.7789403609375001 0.6541773515625 0.8078465515625 0.6429855859375 0.8178634390624999 0.6108052421875 0.8241302875000001 0.5729174046875001 0.816753534375 0.5664327078125 0.80862105625 0.5428454703125001 0.7981835609375 0.5319898109375 0.7837779734375 0.585371296875 0.7770747296875 0.5927022796875
6 0.70039808125 0.4377736875 0.6921202328125 0.4608162078125 0.66449164375 0.5886368359375 0.6680614640625 0.6002497703125 0.68729541875 0.6219066171875001 0.6869760859375 0.6353609296875 0.697593796875 0.6403111453125 0.703427525 0.6375490734375 0.7067664859375 0.6268222921875 0.7294120890625 0.6144374781249999 0.724381453125 0.5968646296875 0.7074778328125 0.576598784375 0.7029151734375 0.5646244828125 0.7304615437499999 0.43351700156249995 0.723125896875 0.428675728125 0.7136243515625 0.4290171640625 0.70039808125 0.4377736875
6 0.6203636921875 0.41081453437500004 0.5649230281250001 0.6066786125 0.5612236296875001 0.629216284375 0.5771501984375 0.63664160625 0.575961346875 0.6546648359375 0.6011681375 0.6660107390625 0.63139603125 0.6683277609375 0.641988425 0.6591553953125 0.6521792734375 0.6601504921875 0.6587749828125 0.6354100734375 0.6555244953125 0.6103428234375 0.6580097265625 0.5917058015625 0.6986337265625 0.432788934375 0.68833534375 0.41438440468750004 0.65751615625 0.401538553125 0.6306114359375 0.40097390468749994 0.6203636921875 0.41081453437500004
6 0.530888203125 0.6094898296875 0.5333165375 0.6016885328125 0.5680975625 0.589378125 0.6168603 0.41496760625 0.6046584515625 0.39912719375 0.5698678968750001 0.3848358703125 0.5550985984375 0.3843456234375 0.542479415625 0.391151825 0.4952912859375 0.5498508078125 0.49608811875000003 0.568596771875 0.516397128125 0.5939018421875 0.5181045875 0.6097223203125 0.524750934375 0.6132270609375 0.530888203125 0.6094898296875
6 0.55992724375 0.629830078125 0.5666620671875 0.5975407859375 0.562001403125 0.5947587859375 0.5346951359375 0.6043615953125 0.526433075 0.6149249593749999 0.5119673203125 0.613459553125 0.4788812359375 0.7197522140625 0.469275425 0.76836683125 0.4850470921875 0.7958201781249999 0.48485108437499996 0.8142047734375 0.4961992046875 0.8221349468750001 0.5069971359375 0.8211797171875 0.5203214078125 0.80323089375 0.5426634671875 0.7918212437500001 0.553148328125 0.7652394453125 0.578759653125 0.661654384375 0.573934559375 0.652298671875 0.5745574296875 0.6378691937500001 0.55992724375 0.629830078125
6 0.4270890578125 0.6943873421875 0.43021622343750004 0.7145243109375 0.447356959375 0.718048984375 0.4639632984375 0.700209103125 0.482498421875 0.6939276875 0.48942299218749996 0.6823346875 0.51224554375 0.5983618109375 0.49191121562499995 0.5589341609375 0.48828449999999995 0.558156953125 0.45121425000000004 0.5707197859375001 0.4480966171875 0.577184553125 0.436043409375 0.5803970031250001 0.4311045203125 0.592712740625 0.4105458765625 0.6623106109375 0.4270890578125 0.6943873421875
6 0.41153217499999994 0.53130674375 0.4329162421875 0.5602600343749999 0.43259691250000004 0.5737143515625001 0.438291525 0.57850115 0.445807390625 0.5774369781249999 0.45147668437500005 0.568101196875 0.46033004218749995 0.5680666609375 0.4878987421875 0.5558452609375 0.5397222187499999 0.3858057046875 0.5365381546875 0.37650446249999997 0.5257560156250001 0.3649805390625 0.49791535 0.3532187953125 0.48146391250000004 0.35103065 0.46266635312500004 0.35993065625 0.4176599140625 0.5009677765625 0.41153217499999994 0.53130674375
6 0.361811165625 0.5756340828125001 0.3700163296875 0.5759064421875 0.38018185937500004 0.5627789562500001 0.40852207500000004 0.5551809421875 0.4164394859375 0.5439493109375 0.41098198906250005 0.5224213421874999 0.45590621093749994 0.378097365625 0.452418609375 0.369771284375 0.43420281562499996 0.3625983875 0.38119675000000003 0.5115802875 0.3441265015625 0.524143121875 0.34238746249999996 0.5332809468749999 0.3590697578125 0.5578088078125 0.35642009531249996 0.5698721203125 0.361811165625 0.5756340828125001
6 0.3232199359375 0.527390109375 0.32891455 0.5321769078125 0.3361268734375 0.5320878984374999 0.344692478125 0.52054936875 0.380203909375 0.51121891875 0.4382879734375 0.342372409375 0.435710996875 0.33112084531249997 0.42423955312499995 0.318260390625 0.3927310671875 0.304078009375 0.3762796296875 0.30188986406249996 0.36206051875 0.3102850203125 0.307618959375 0.46742958593750006 0.30673365 0.4844776515625 0.3257873828125 0.5120399421874999 0.3232199359375 0.527390109375
6 0.2724834734375 0.28202387500000003 0.2168024265625 0.4289465078125 0.21302080937499998 0.44819732187500005 0.22111218125 0.47014113437500005 0.233921115625 0.4840312203125 0.2312714515625 0.4960945328125 0.2353661390625 0.5024702890625 0.2438748453125 0.5017674859375 0.25045476718750004 0.48950622031249996 0.25999742187499997 0.4908082125 0.290158890625 0.4773592265625 0.3512214796875 0.3095968234375 0.3500231 0.3010183171875 0.33518737656250003 0.284762065625 0.29841114062499996 0.2697480046875 0.2869239109375 0.2693667015625 0.2724834734375 0.28202387500000003
6 0.1943525515625 0.252500603125 0.131746934375 0.4110162359375 0.13706532031250002 0.44009307656249996 0.1519010421875 0.4563493296875 0.148340753125 0.4713381296875 0.154035365625 0.47612492812499996 0.16025485 0.4756745515625 0.1691239953125 0.46316086093750003 0.1910234 0.46027523906249995 0.20882811562499998 0.4510138640625 0.22028050000000002 0.4106708546875 0.2714906328125 0.28166250625 0.2686101125 0.2713861046875 0.252174465625 0.25671880625 0.22105173437499998 0.24484811875 0.2023932875 0.246199253125 0.1943525515625 0.252500603125
6 0.046141253125 0.3842005640625 0.057005609375 0.3990113421875 0.062020454687500004 0.4290633453125 0.06840436718750001 0.4351866765625 0.07764348125000001 0.4374638296875 0.09532487656250001 0.423272175 0.1246579328125 0.4160355296875 0.18530318750000002 0.2709197375 0.192588196875 0.2475158515625 0.1894041359375 0.238214609375 0.17762914999999999 0.2263293171875 0.1464242046875 0.211171775 0.1302763109375 0.2080084671875 0.1180428828125 0.2171263625 0.0481016171875 0.3708007203125 0.046141253125 0.3842005640625
6 0 0.39237790625 0.0176619265625 0.39934745 0.026515284374999996 0.3993129109375 0.033866718750000004 0.39167503125 0.1136857609375 0.21336919375000002 0.09971955625 0.192544028125 0.0695074515625 0.1777478546875 0.059316603125 0.1767527578125 0.0499794859375 0.183667903125 0 0.28851153125 0 0.39237790625