6 0.734558146875 0.9687663343749999 0.7404436375000001 0.957517646875 0.741266378125 0.9401200875000001 0.7388748015625 0.925311625 0.7274440234374999 0.9103464140625 0.6532139671875 0.9078469968749999 0.615683853125 0.9120450609375 0.6026756343749999 0.9243824515625001 0.5878189859375 0.9279818765625001 0.585615496875 0.9437024703124999 0.5893803937500001 0.9536858875 0.6041690015625 0.957578978125 0.6191234078125001 0.9724950890624999 0.7105113609375 0.974190021875 0.734558146875 0.9687663343749999
6 0.722615115625 0.9077280453125001 0.7278894140625 0.897901375 0.7291649765625 0.8745607937500001 0.7230159296875 0.8562709265624999 0.7130488015625 0.84849419375 0.617752440625 0.845298865625 0.6042765421875 0.8505752546875 0.5964745812500001 0.8605784953125 0.582078184375 0.8647369093749999 0.5777998531249999 0.8746910484375 0.5841753109375001 0.8900094015625 0.610009915625 0.9073182109375001 0.623878021875 0.9100933250000001 0.636207009375 0.9066704718749999 0.722615115625 0.9077280453125001
6 0.696343725 0.8433556515625 0.693574796875 0.833499709375 0.684603640625 0.8258504468750001 0.5853988671875 0.8211547250000001 0.5803435484375 0.8215078671875 0.5662638890625 0.834708290625 0.5528634609374999 0.8389941765625 0.5495810999999999 0.8490757890625 0.5570279984375001 0.863531109375 0.5768719250000001 0.867071059375 0.5924152328125001 0.861059109375 0.6117011515625 0.8455245343750001 0.69091105625 0.848661315625 0.696343725 0.8433556515625
6 0.4846029703125 0.7647469421875 0.48285229999999996 0.7745245109375001 0.4879150484375 0.78067338125 0.497874746875 0.7819481046875 0.5132213625000001 0.8049157203125 0.5277080890625 0.8127708296874999 0.6659820937500001 0.8194664546875 0.6810725796875 0.8193975312499999 0.6941637 0.81257165 0.7003510703125 0.7973609453125 0.701098340625 0.7809538890625001 0.697394053125 0.75697594375 0.6906412468750001 0.7466101125 0.6819793984375 0.7415008453125 0.538951953125 0.7311963453125 0.5216431171875 0.7339818390625 0.5142185078125 0.73903255625 0.500146278125 0.75873499375 0.4846029703125 0.7647469421875
6 0.6755421875 1 0.6769874140625001 0.998404015625 0.6788815968749999 0.9801434234374999 0.6762710375000001 0.9748084875 0.6712911890625 0.974171125 0.6239523171875 0.975113459375 0.6011056234375001 0.9581870671875 0.5883089546875 0.9545489171874999 0.572358578125 0.939505334375 0.5306787859375001 0.9321704921875 0.5001959312500001 0.93627035625 0.479083875 0.9625730046875001 0.459247378125 0.9655350687500001 0.45734576562499996 0.977293646875 0.46233304375 0.984433021875 0.48217697031249995 0.9879729703125 0.492079575 1 0.6755421875 1
6 0.4200815609375 0.8790089906249999 0.4157277625 0.8899536375 0.41956812968749996 0.8989465484375 0.43657508749999996 0.9001230703124999 0.460508078125 0.9291904593750001 0.482268475 0.93397585625 0.555955384375 0.930404778125 0.5612296828125001 0.9205781078124999 0.55999244375 0.9104181234375 0.5758450609375 0.9069461703125 0.5858653703125001 0.8942263625000001 0.5824172109375 0.8932849562499999 0.5735821343749999 0.8706506578125 0.556952528125 0.8645216140624999 0.5477475328125 0.8533418484374999 0.47680726562500003 0.8472628312499999 0.4604189265625 0.8511663 0.4342515484375 0.877822090625 0.4200815609375 0.8790089906249999
6 0.45885009062500004 0.818960278125 0.47703367500000005 0.8442913187500001 0.509900678125 0.8484979031250001 0.5471289125000001 0.8482618562500001 0.5512563015625 0.8402887234374999 0.5712363109374999 0.8288436390625 0.578653490625 0.81729090625 0.524720178125 0.8123884125 0.51605833125 0.8072791453124999 0.4968033078125 0.7828111359375 0.47825723125 0.7754366421875 0.4691499921875 0.7827724140625001 0.45928805156249997 0.8000132265625 0.4435109046875 0.8024946765625 0.44275620312499997 0.8123997171875 0.449735421875 0.8197940359375 0.45885009062500004 0.818960278125
6 0.46535537656250003 0.746780946875 0.4829958125 0.7660414906249999 0.4981543390625 0.7584800484375 0.51268681875 0.7393366 0.5227145578125 0.7331188046875 0.6530962734375 0.73780415 0.6556919734375 0.730135059375 0.652847575 0.721269621875 0.6411149171875 0.71026643125 0.6172871140625 0.7062165921875 0.489968775 0.700923159375 0.48001650625 0.7061504515625 0.46479736718750003 0.727706421875 0.45208360000000003 0.729579784375 0.45025745937500006 0.7403478578125 0.4543997078125 0.7453787515625 0.46535537656250003 0.746780946875
6 0.41957165781250005 0.7009146390625001 0.44454637343750003 0.703110940625 0.4672124109375 0.6960102906250001 0.485366278125 0.695333278125 0.6453252078125 0.70780480625 0.6598651171875 0.695163371875 0.6637363781250001 0.6641536984374999 0.6571196515625 0.6388028328125 0.6451605859375 0.630771153125 0.44658524218749995 0.6103566921875 0.42444749687499994 0.610523815625 0.4217082859375 0.6266759265624999 0.4044749171875 0.628470915625 0.40052075781249996 0.653969078125 0.40637535312499995 0.6827229734375 0.41779869999999997 0.69118616875 0.41957165781250005 0.7009146390625001
6 0.6561322875 0.5791667375 0.6526692703125 0.56522130625 0.642928553125 0.554473059375 0.4814305046875 0.5358035609375 0.4640461953125 0.5395795578125 0.44568820625 0.5627341203125 0.4312918078125 0.5668925328125 0.42976754687499996 0.5736985906250001 0.4349057671875 0.57885695625 0.442873525 0.579876734375 0.46366766875 0.6105427140625 0.640331675 0.6281527828125 0.651959146875 0.6141384265625 0.6561322875 0.5791667375
6 0.226091134375 0.58063583125 0.22985603124999998 0.5906192453125 0.2502431078125 0.60022969375 0.26688757343749997 0.6193627640625 0.2946237875 0.624912996875 0.39865746875 0.6322270859375 0.406157546875 0.6261858625000001 0.419867284375 0.6244399734375 0.4235269953125 0.6094058375 0.455624440625 0.6105134390625 0.456997759375 0.605688390625 0.4407306453125 0.581602796875 0.4286206390625 0.5755521265625 0.42615359062499997 0.5617341687499999 0.31759288125 0.5478396921875001 0.26940897812500003 0.54667354375 0.2478292421875 0.5659151890625 0.23052040312500002 0.56870068125 0.226091134375 0.58063583125
6 0.4403990484375 0.5595567625 0.472006525 0.5340973203125 0.47177268437500003 0.5305668203125 0.4501335125 0.4977923609375 0.4432371921875 0.4959095515625 0.43702010468749997 0.4851122046875 0.42414796718750003 0.48246456093749995 0.353358640625 0.4744045328125 0.3276440828125 0.4951173 0.30957311718749997 0.5013058203125 0.310817784375 0.5179678203125 0.3319744203125 0.5306772515625 0.3427940046875 0.54706448125 0.355515203125 0.5516931328125 0.4403990484375 0.5595567625
6 0.47384009374999997 0.5298312609375 0.6472143124999999 0.5510209296874999 0.6550991703125 0.5465291999999999 0.6630520703125 0.5345449515625 0.6666969218750001 0.506506790625 0.6643808156250001 0.490707825 0.65103356875 0.474497165625 0.5066934171875 0.4550231828125 0.47658791093749997 0.454170528125 0.4550910734375 0.47892368437500005 0.4423773046875 0.48079704375 0.43939682500000005 0.48691664062499995 0.44239216406250004 0.493801071875 0.45266117031249997 0.49761578906250004 0.45504532031249995 0.505922240625 0.47384009374999997 0.5298312609375
6 0.6321856125 0.4710846875 0.6390745 0.466465484375 0.6409686828125001 0.44820489375 0.4870461828125 0.42250366875 0.46540700937499996 0.389729209375 0.4563678125 0.3895724640625 0.43777598281249996 0.40919652656250005 0.425748875 0.408657365625 0.4217724234375 0.4146494875 0.42369632343749997 0.4223969484375 0.4387187703125 0.4298205421875 0.453378725 0.45520068281250003 0.4660244515625 0.4608198375 0.48478207968750003 0.4522187921875 0.6321856125 0.4710846875
6 0.6709158171875 0.44453654531250003 0.6799401578125 0.4316892640625 0.684882859375 0.3998165609375 0.68256675 0.38401759375 0.6709095640625 0.3720238953125 0.5089438359375 0.3462933953125 0.49270643906249995 0.3482158578125 0.4718962609375 0.3705564890625 0.45680577343750006 0.37062541250000003 0.4538252921875 0.3767450078125 0.45582466093749996 0.3835019671875 0.4689306390625 0.38968010937500003 0.487121653125 0.42151316406249995 0.6610390203125001 0.44877333124999996 0.6709158171875 0.44453654531250003
6 0.4730369171875 0.2961903015625 0.474349625 0.305359784375 0.4949854 0.3315047578125 0.66867635625 0.3617364375 0.6764102750000001 0.359225715625 0.6877284328125 0.3426713625 0.69205251875 0.3057186640625 0.6893590578125 0.2948722171875 0.673642521875 0.2833591359375 0.5209424015625 0.25481387031249997 0.5018680359375 0.25437290468749996 0.4834197171875 0.26551394687499996 0.4737841875 0.2797832484375 0.46175708125000003 0.27924408437500003 0.4568601296875 0.28411823125 0.45978 0.2919931671875 0.4730369171875 0.2961903015625
6 0.4846878515625 0.23567135 0.49811056562499995 0.25089150312499997 0.5390207984375001 0.2551273640625 0.67371799375 0.2823686328125 0.682598821875 0.2780043734375 0.6920005109375 0.260204571875 0.6948758046875 0.22906742812499997 0.6886512859375 0.21176806718750002 0.680600628125 0.2052367796875 0.515179309375 0.1720628625 0.48929895312499994 0.1817526078125 0.47798079531250004 0.1983069625 0.46296577812499995 0.19738538125 0.45998529687499995 0.203504978125 0.46206013749999997 0.2092714328125 0.476162084375 0.2155770484375 0.4846878515625 0.23567135
6 0.6609076421875 0.199715821875 0.6848109171875 0.20277515781250002 0.6926957765624999 0.1982834265625 0.7007241468750001 0.1853086734375 0.70666281875 0.153563440625 0.7053426796875 0.13789194531249999 0.6935345546875 0.12787925625000002 0.5307089359375 0.0870362515625 0.5176103890625 0.0873601203125 0.506594109375 0.09995245625 0.4797177828125 0.10951473125 0.4756658625 0.1164973578125 0.475982603125 0.12553936875 0.4940003875 0.1398473921875 0.5085848734375 0.1662180359375 0.6609076421875 0.199715821875
6 0.7068606875000001 0.058573239062500004 0.5417313203125 0.014234857812500001 0.5262038859375 0.01224753125 0.5077860828125 0.0118188515625 0.505652496875 0.013317803125 0.499540596875 0.0275380046875 0.4958277046875 0.06306868125000001 0.49821185312500005 0.07137513125 0.5073339515625 0.0770433859375 0.69590384375 0.12318168125 0.711741603125 0.1067057015625 0.7176048046875 0.075950971875 0.7158318453125 0.066222503125 0.7068606875000001 0.058573239062500004