6 0.801475321875 0.9380094 0.8048468046874999 0.9255111484375 0.8020021843749999 0.9080137515625 0.7965715 0.8938047015624999 0.7823099109375 0.88144048125 0.7095363406249999 0.8953837984374999 0.67388705 0.907869346875 0.6638109734375 0.9230277765625001 0.6501048578125 0.92989871875 0.6512541796875 0.9460327109375 0.657010525 0.9551355484374999 0.672220365625 0.9557367515624999 0.6899013 0.96727214375 0.7792064812499999 0.948730225 0.801475321875 0.9380094
6 0.7770611765625 0.8799033796875 0.7801357359375001 0.8689557109375 0.77648658125 0.8454431625 0.7666691859375 0.82860089375 0.7553384421875 0.8230671718749999 0.661914728125 0.840980925 0.649903915625 0.8492152687500001 0.644406121875 0.860898175 0.631265109375 0.8682235828125 0.6291866609375 0.8790776609375 0.6386017859375 0.8929123546875 0.667374028125 0.9044207859375 0.6814536671875 0.9041130531249999 0.6927365484375 0.89797735 0.7770611765625 0.8799033796875
6 0.738002290625 0.821650621875 0.73324205625 0.8124541984375 0.722907421875 0.8068268843749999 0.6253651765625 0.8241124734374999 0.6205187109375 0.8255829468749999 0.6095806140625 0.8418374921874999 0.5974357109375 0.8490693109375 0.5963533734375 0.8598298 0.6066305187500001 0.8725683765625 0.626686825 0.8716991078125 0.64055576875 0.862275059375 0.6560721546875 0.842544990625 0.7338262734375001 0.828133721875 0.738002290625 0.821650621875
6 0.5154387171875 0.790282753125 0.5157835000000001 0.8004015953125 0.5219996 0.8054007406249999 0.5319607078125 0.8044648437499999 0.551710465625 0.8239268484375 0.5674566640625 0.828538153125 0.7034449609375 0.8045949890624999 0.7181184421875 0.8011860921875 0.7294300671875 0.7914947546875 0.732265190625 0.774986403125 0.729554659375 0.7584915328124999 0.7209249515625 0.7354469328125 0.712180271875 0.7266248656250001 0.7026789171875001 0.7234570734375 0.5613078 0.744860609375 0.5450443625 0.7514642593749999 0.5388761234375 0.758134540625 0.5293076625 0.78085870625 0.5154387171875 0.790282753125
6 0.713419303125 1 0.7447256265625 0.9925748234375 0.751650540625 0.9802502703125 0.74966794375 0.9616567578125 0.7460091624999999 0.9569249031249999 0.7410286109374999 0.95739285 0.6951500312500001 0.96880924375 0.669366121875 0.9570200453125001 0.6561485046875 0.9562316609374999 0.6374714609375001 0.9447898609375001 0.59536663125 0.946715578125 0.5665560234375 0.9575434749999999 0.5515185125000001 0.988394909375 0.5328318453125 0.9957338 0.5330475375 1 0.713419303125 1
6 0.476580521875 0.9182863265625001 0.47463616249999996 0.93014293125 0.4802584203125 0.9382432406250001 0.4970582140625 0.9356496906249999 0.526443415625 0.9592820124999999 0.54862603125 0.959228090625 0.6195989515625 0.939363209375 0.6226735109375 0.9284155390625 0.6193403953125001 0.9185774671875 0.63404261875 0.9116129374999999 0.641130365625 0.8967352749999999 0.637576934375 0.8965615781249999 0.6242348484375 0.875989978125 0.6067646078125 0.873570903125 0.5954626078125 0.8644815484375 0.5251410140624999 0.8741339953124999 0.5100077781250001 0.8816465828125001 0.4901238046875 0.9139684953125 0.476580521875 0.9182863265625001
6 0.5017324765625 0.8499401343749999 0.5247387453125001 0.87112641875 0.5576104 0.8680379578125 0.5937960515625 0.8595625109375 0.596142678125 0.8507134828125 0.61319153125 0.834899925 0.61799013125 0.821760025 0.5644683328125 0.8288189234375001 0.5549669781250001 0.8256511296875001 0.5310986875 0.805560959375 0.5115021343749999 0.8023265374999999 0.5041749546875 0.811643515625 0.49818866718750004 0.8309857453125 0.483352353125 0.83694775 0.48469324687500004 0.846973003125 0.493035659375 0.8527874921875 0.5017324765625 0.8499401343749999
6 0.49294006250000005 0.776662203125 0.5141456843750001 0.7919269250000001 0.527315440625 0.781045884375 0.537449003125 0.7587761890625 0.5459063859375 0.7503681453125 0.6737917062500001 0.7261711765625 0.6747112125 0.71796379375 0.6700850640625 0.70976989375 0.65635983125 0.7014157765625 0.632319084375 0.7026594046875 0.50728800625 0.7255730812500001 0.49869653437499994 0.7329785984375 0.48840014062500003 0.757801403125 0.47641806875 0.7624801125 0.4768969421875 0.7736014796874999 0.48198284375 0.7776916890625001 0.49294006250000005 0.776662203125
6 0.4387670609375 0.741147090625 0.4635357375 0.737804821875 0.48410928125 0.7257205953125 0.5016370046875 0.7210284031249999 0.65994200625 0.698033840625 0.67144520625 0.6822337640625 0.6687155546875 0.6505138328125 0.6569634234375 0.626747478125 0.643640459375 0.6214009375 0.446084871875 0.6450379234375 0.42457270312500006 0.6501044734375 0.42529101249999995 0.6667865234375 0.4088934875 0.67238765 0.41038759062499996 0.6986404875 0.4221109796875 0.725962475 0.43500293437500004 0.731857075 0.4387670609375 0.741147090625
6 0.6435064953125 0.567611971875 0.6372137906249999 0.554499034375 0.6254807796875 0.5459577375 0.46437902031249995 0.5631243265625 0.448249675 0.570730503125 0.43523312656249996 0.5978391281250001 0.4220921125 0.6051645359375 0.42203462812500003 0.612275803125 0.42811663906249997 0.6162724234375 0.43608552500000003 0.6155237046875001 0.462750575 0.641441846875 0.6383917265625 0.619863834375 0.646772503125 0.6033420015625001 0.6435064953125 0.567611971875
6 0.2252452109375 0.664264265625 0.23100155937500003 0.6733671015625 0.252858509375 0.6784193921874999 0.2730680234375 0.69377770625 0.301227303125 0.69316224375 0.4040182828125 0.6774137578125 0.4100524296875 0.669740953125 0.4230306125 0.6649686531250001 0.423442503125 0.6491955390624999 0.454915778125 0.643193090625 0.45524144218749996 0.6380868734375 0.43436148281250003 0.6177159343749999 0.4213066953125 0.6143744437499999 0.416010103125 0.6011679171875 0.307434034375 0.6113691984375 0.260291165625 0.6208741328125 0.2433189171875 0.6448014843750001 0.22705548125 0.6514051359375 0.2252452109375 0.664264265625
6 0.4294192953125 0.5958475578125 0.45484892343750005 0.5635121671875 0.45388155625 0.560050121875 0.4259522171875 0.5322205203125 0.41884535156249997 0.5318731234375 0.41053168281249997 0.5225029984375 0.397448153125 0.522717140625 0.32685838125 0.5303645390625 0.3061698703125 0.556671296875 0.28987769218750004 0.5668305828125 0.2945804453125 0.5831382765625001 0.317835775 0.591104553125 0.33180044375 0.6050193546875 0.3451521515625 0.6068102640624999 0.4294192953125 0.5958475578125
6 0.45573968750000005 0.5588604187499999 0.6289288640625 0.541573278125 0.6356622046875 0.535357465625 0.6408918156250001 0.521669509375 0.6385644328125 0.49295715468749995 0.6329996625 0.47774557656249994 0.616611759375 0.4645660125 0.4720416140625 0.4771340015625 0.44256056250000003 0.48294926875 0.4268238609375 0.5123437140625 0.414841790625 0.5170224250000001 0.4132230953125 0.5237728125000001 0.41758106406250006 0.5299616625 0.4283754484375 0.5314852828125 0.432436496875 0.539224715625 0.45573968750000005 0.5588604187499999
6 0.597551565625 0.46534169375 0.6032887953125 0.4592194703125 0.6013061953125 0.44062595781249997 0.446104496875 0.44911721718750003 0.41817515937499994 0.421287615625 0.40934425 0.42313245000000005 0.39536033593750003 0.4467790296875 0.38354109687500004 0.44890463125 0.380926290625 0.45574860937499995 0.38442223750000004 0.46303357500000003 0.4005994453125 0.4670968234375 0.420186371875 0.489111934375 0.4336721703125 0.49190536875 0.45012717812499997 0.479192975 0.597551565625 0.46534169375
6 0.6296857921875 0.430346121875 0.6357774265625 0.41556205 0.6339097984375 0.38274600625 0.6283450265625 0.3675344296875 0.614485703125 0.3581777859375 0.45144920624999996 0.3684202890625 0.4360477921875 0.373927825 0.420473925 0.40076916249999994 0.40580044375 0.40417805937500006 0.4041817484375 0.410928446875 0.40754360468749995 0.4172108859375 0.42159450156249995 0.42045878906249995 0.4459704078125 0.44811469531250003 0.62096023125 0.4367491125 0.6296857921875 0.430346121875
6 0.406001765625 0.3265021859375 0.4092007921875 0.33533773437500003 0.43476438437500003 0.35679130625 0.6101564765624999 0.348433303125 0.61715799375 0.3442225421875 0.624705490625 0.3252411890625 0.62117130625 0.287506109375 0.6162769796875 0.27730715781250004 0.5985673031250001 0.26932739843750003 0.443959446875 0.2747174921875 0.425301521875 0.2785007484375 0.409679790625 0.2936726609375 0.40329123593749994 0.3100073125 0.391471996875 0.312132915625 0.3877269890625 0.3180679609375 0.3922190484375 0.325259334375 0.406001765625 0.3265021859375
6 0.40466099843750003 0.26369049218749996 0.42091481093749994 0.2758675328125 0.4616212609375 0.271027828125 0.5984332140624999 0.268324875 0.6061626625 0.26201547187499996 0.6115838515625 0.242218775 0.6078580890625 0.210592434375 0.598174784375 0.194752690625 0.5889703515625 0.190034315625 0.4210107890625 0.1936335 0.3978511828125 0.20900607343750002 0.39030368437499996 0.22798742500000002 0.3754961125 0.2303937953125 0.3738774171875 0.2371441828125 0.377105184375 0.24242409999999998 0.39215219375 0.24557841093750002 0.40466099843750003 0.26369049218749996
6 0.56864586875 0.1888985328125 0.592552525 0.18665237968749998 0.5992858640625001 0.18043656875 0.6043813890624999 0.1657460859375 0.6035098718749999 0.132836453125 0.5989412093750001 0.1175312859375 0.5853500640625 0.11017969218749998 0.41831000625000003 0.105571496875 0.4056287453125 0.1087932140625 0.397544890625 0.1237644640625 0.373389175 0.139230628125 0.37090845781250004 0.14707713125 0.3731113734375 0.1560062671875 0.39364655000000004 0.1662583640625 0.41336756562500004 0.18927600312499998 0.56864586875 0.1888985328125
6 0.37897274687500004 0.037193659375 0.378475328125 0.0377479546875 0.375506115625 0.0532537828125 0.3793372234375 0.08943828125 0.38339827187500003 0.0971777140625 0.3934647234375 0.1007999734375 0.5866718390625 0.10497988750000001 0.598634790625 0.08507611875 0.5978973625 0.053169009375 0.5941332359375 0.0438789953125 0.583798603125 0.0382516828125 0.4372341546875 0.031719696874999995 0.37897274687500004 0.037193659375