10 0.5015625 0.5625 0.9703125 0.196875
10 0.571875 0.78671875 0.85625 0.2390625
10 0.590625 0.67734375 0.81796875 0.12421875
10 0.4125 0.2 0.25625 0.39921875
10 0.684375 0.22890625 0.29453125 0.353125
10 0.55546875 0.1359375 0.21171875 0.271875
10 0.77734375 0.0828125 0.2390625 0.165625
11 0.39609375 0.02734375 0.1078125 0.0546875
11 0.7671875 0.0953125 0.12578125 0.09453125
11 0.04765625 0.60546875 0.06640625 0.06328125
11 0.209375 0.68359375 0.04765625 0.0546875
11 0.17578125 0.840625 0.06484375 0.07421875
9 0.58671875 0.6359375 0.8265625 0.5578125