10 0.4213236998543507 0.45176840815951885 0.8019502595669115 0.2558979244864055
10 0.577562710345699 0.2295090061600858 0.8448745793086021 0.31082352666332386
10 0.559357245776858 0.36761664136929584 0.732700154394062 0.236309621583848
10 0.42088840848419007 0.803157260251619 0.2664172395086517 0.3936854794967619
10 0.6938258033113406 0.8046851101511026 0.3481840650563301 0.378973259703465
10 0.5598887240027386 0.8573660998146655 0.2352916084715549 0.2852678003706689
10 0.7981676254938066 0.9417907182336526 0.2493588054894186 0.11641856353269482
11 0.41182696021268494 0.9766865294889128 0.12819920783841657 0.0466269410221745
11 0.7774459485342025 0.9426241089699762 0.1215233105039836 0.09945934137714474
11 0.06261027790931152 0.38148810217691825 0.07231292069139797 0.07120536660488845
11 0.2214109648980455 0.3136706635169964 0.04515938730530315 0.04996528366526398
11 0.19740150039571142 0.15908236723786068 0.057097097651002085 0.08472222958157997
9 0.5830769244523217 0.38360622911824377 0.8338461510953566 0.6120040807470079