10 0.4810571559717552 0.502877358359261 0.30273931194351034 0.9942452832814782
10 0.2417322120400555 0.563840357548482 0.33763919980690993 0.872319284903036
10 0.36346510040765806 0.585761996346552 0.20667342307170475 0.828476007306896
10 0.8195526653549091 0.4258600799457513 0.3608946692901817 0.2925649699649327
10 0.828386351997142 0.7211589431762762 0.3432272960057162 0.333217243503883
10 0.8977101523654589 0.581802162737467 0.20457969526908215 0.2400558043815014
10 0.9650611793527656 0.8250260572175799 0.06987764129446887 0.2661080154212755
11 0.9800905996513535 0.8127578822986579 0.039818800697293 0.14064436525911966
11 0.3934822022295729 0.036519521507060164 0.07435514381548422 0.05903980925276529
11 0.32325110174504035 0.20383766071216733 0.06476162252816069 0.055751168019063255
11 0.14830037822814393 0.16801143465815477 0.08783848960843983 0.07332049756436802
9 0.40828592751118026 0.5770534237011061 0.6826567688646605 0.8458931525977877