10 0.40625 0.559375 0.78515625 0.1984375
10 0.57421875 0.7921875 0.85 0.24921875
10 0.54296875 0.653125 0.71640625 0.184375
10 0.4078125 0.1984375 0.2390625 0.39609375
10 0.67890625 0.22734375 0.3234375 0.35390625
10 0.546875 0.14921875 0.21328125 0.29765625
10 0.78359375 0.0734375 0.2390625 0.14453125
11 0.4 0.02734375 0.12421875 0.0546875
11 0.76328125 0.0953125 0.11484375 0.0890625
11 0.04921875 0.6046875 0.06796875 0.0640625
11 0.2078125 0.6828125 0.04140625 0.046875
11 0.18203125 0.83515625 0.05078125 0.0796875
9 0.58515625 0.6390625 0.8296875 0.5515625