10 0.5032506836235217 0.4513009631100796 0.9934986327529567 0.4557269262201592
10 0.494691689033798 0.22315323721238056 0.917508378067596 0.44588831790709865
10 0.5458343033778476 0.3164037883438487 0.8473202470304992 0.34237243246667515
10 0.5076526225908127 0.8008954003693424 0.36476381129540647 0.3982091992613153
10 0.7696919698461034 0.7348230319991369 0.3952242011079921 0.42878963797450637
10 0.6675875637361818 0.8487359905811281 0.2838200366848003 0.30252801883774366
10 0.8802153150563301 0.8433400348278072 0.2395693698873398 0.2093305899662962
11 0.5426366910123551 0.9833584424256241 0.11667067445232178 0.03328311514875182
11 0.8892807073096911 0.8448752637505684 0.15212009263643722 0.12742608411256384
11 0.0457674218785322 0.5259585120020526 0.06325616943775673 0.0800420240041051
11 0.17202238182851975 0.4087442618056608 0.06445495658477532 0.0675511143631848
11 0.09274875580598776 0.26143292456983913 0.08540395407749282 0.08954428903121973
9 0.53125 0.37262197208707004 0.9375 0.7445167154477706