10 0.5736689312540036 0.5674850843896739 0.37680542544554035 0.8372465650563301
10 0.7764501279440026 0.40427099670129474 0.44084974411199485 0.8085419934025895
10 0.6418660426082299 0.41164660985821006 0.34949749077017706 0.7724111752437446
10 0.21857081629934244 0.6559531686463339 0.4371416325986849 0.33612198574772806
10 0.19893639198759147 0.3785555943522968 0.39787278397518294 0.41476381129540635
10 0.15239665197327396 0.5275303034443546 0.3047933039465479 0.28556439311129084
10 0.05288809532145509 0.3078064883215175 0.10577619064291018 0.27188702335696496
11 0.04567010590391351 0.7062439883215175 0.06718859468490825 0.1362844924781527
11 0.045365949315728085 0.32597982680131954 0.09073189863145617 0.1386653463973609
11 0.6922434718730512 0.9146974020197934 0.07901588534372692 0.07883570533113407
11 0.7395650092298229 0.7407226929277357 0.056868165340545215 0.054761707838416385
11 0.8990127345640048 0.7298353540522223 0.09142497867599957 0.07138691818411544
9 0.6191552486075936 0.43140546120362877 0.7429395027848127 0.8628109224072575