3 0.36895854156624075 0.2897634994108248 0.47682312404077 0.49788507161953177
9 0.6814635314267822 0.14620998389273085 0.4183229371464357 0.2866930415653025
9 0.4047696274718392 0.057064628899320034 0.19983574505632157 0.11049311416679297
1 0.5641889140944014 0.236189568398078 0.05146394703379294 0.06589771077238851
10 0.7855665233810104 0.16635483313060506 0.09136768119435104 0.10049087939029935
10 0.7894288507366343 0.09994403795106523 0.05517880891829172 0.11902271077238853
10 0.7702257466458053 0.2069071102579681 0.07944683540139544 0.08636474687674207
10 0.773820640209188 0.22255938133520697 0.04891810124083733 0.0518261204133089
11 0.8040265822993022 0.047663920464622554 0.01795232450563198 0.011037493949875788
11 0.7514593211514374 0.19585598076947286 0.023623170298587758 0.025127265027114643
11 0.7418604460253867 0.23253382415361462 0.0186078883676025 0.02041249394987581
9 0.5507984034507397 0.23767480034590122 0.10031634629715871 0.16145565046753818