3 0.30703125 0.64140625 0.44140625 0.38046875
9 0.11953125 0.3640625 0.2390625 0.365625
9 0.059375 0.65546875 0.11875 0.17734375
1 0.2265625 0.46171875 0.0609375 0.03828125
10 0.12734375 0.25859375 0.0890625 0.071875
10 0.06015625 0.26953125 0.1171875 0.03125
10 0.16875 0.265625 0.07734375 0.0609375
10 0.18359375 0.25859375 0.04609375 0.0390625
11 0.0078125 0.26484375 0.0140625 0.01484375
11 0.1609375 0.2859375 0.021875 0.01796875
11 0.19765625 0.28828125 0.01953125 0.0140625
9 0.2296875 0.4734375 0.1515625 0.0671875