3 0.6896218987726555 0.43413348573990607 0.5573963645632641 0.49457494273653796
9 0.7820177243669311 0.7522215939525827 0.3474794885002483 0.42217206623507264
9 0.908053163316523 0.48536169919950967 0.12726335697722035 0.20452035672980173
1 0.7104612019471557 0.6301609101504744 0.0712689642443051 0.05273768083635879
10 0.7446934543630517 0.8541687545229865 0.11208515394280312 0.09489068874502422
10 0.8106532942113308 0.862343351861248 0.12490414727484342 0.061152358706968356
10 0.7062527076970315 0.8353577461200293 0.0970022878817268 0.08181768577927465
10 0.6903088433029453 0.8386273261580854 0.05864141848667046 0.05066584486680341
11 0.8601590866349855 0.8800375292375657 0.015465503333980024 0.017760502965749582
11 0.7202194839098287 0.8178983320895845 0.026913186364518005 0.02445617193911005
11 0.6850472584556359 0.8070589911771135 0.023278003333980023 0.01807883794672165
9 0.710700318008232 0.6176290766523771 0.1723529742462448 0.10824753460041112