3 0.395703048706049 0.6771329139932638 0.345717243503883 0.39506573817418306
17 0.26099858644845886 0.5225793596583703 0.07927048863591431 0.06880834980971962
17 0.4843463575517773 0.4291636461987666 0.04941934740221221 0.05822367688202625
17 0.44391404667415885 0.28560198859411245 0.15593417451188502 0.1671768656270503
12 0.18800714570122418 0.45529104197760384 0.14403419236879253 0.20104252965749528
9 0.2187371741114385 0.6179847015594244 0.15875125730360065 0.23911553262324467
9 0.2764032183466701 0.3556637736888152 0.10955009821299111 0.1933918557412186
9 0.4356788068204286 0.3101390735750844 0.3317638376596843 0.4007427352084334
9 0.37598483807331196 0.7333656679475965 0.3275048060030592 0.514550567223656
9 0.5271228238698524 0.8856882188224489 0.24228077759614006 0.1941160504177418
9 0.6938344058474939 0.458881685210621 0.5159902021047298 0.8469996057783996