3 0.43765788136197975 0.676558225529098 0.41654072188333374 0.4059021834125492
17 0.630064893329827 0.767565424288987 0.07696384992375016 0.09005816016782511
17 0.6324949898351047 0.5369074201398021 0.060647865691319504 0.05918666846619498
17 0.7784796370615629 0.5432902425500448 0.17892769984750032 0.1820107070582587
12 0.7186195534740631 0.8195082778181163 0.20530836189159735 0.1762109929510302
9 0.5589542659550006 0.8284661128764063 0.24480727298576407 0.19792097220510563
9 0.7778107558870144 0.7155912950395557 0.19357077488562507 0.141007198759889
9 0.7592938791777782 0.5566540029230069 0.4209372811538893 0.39375738092303825
9 0.3807727549370839 0.7120212062330661 0.5525873246568753 0.4208904112167323
9 0.15695208880892414 0.6116147740699167 0.29230182845659747 0.2951045481398335
9 0.5252059006449309 0.35018682490904246 0.8622935522397922 0.659603249398522