3 0.284375 0.75078125 0.315625 0.30390625
12 0.50390625 0.94140625 0.1890625 0.1171875
14 0.565625 0.7359375 0.22109375 0.16796875
14 0.45703125 0.846875 0.13671875 0.1453125
17 0.52578125 0.63515625 0.0453125 0.03671875
9 0.10390625 0.609375 0.2078125 0.209375
9 0.28203125 0.57265625 0.15078125 0.1296875
9 0.48203125 0.4171875 0.8765625 0.44296875
9 0.13828125 0.77265625 0.24140625 0.27734375
9 0.353125 0.92421875 0.16484375 0.134375
9 0.4234375 0.69296875 0.159375 0.16015625
9 0.69140625 0.6484375 0.38203125 0.221875
9 0.61484375 0.84453125 0.18828125 0.09921875
9 0.63984375 0.84375 0.25234375 0.17265625