3 0.801244494721699 0.3305894512253686 0.3896854318154855 0.3982044267186339
12 0.9395063794625791 0.5969309718730512 0.12098724107484174 0.2202590506842718
14 0.7337020332748876 0.6244036332352317 0.22810127516050827 0.2697874306969986
14 0.8711553944768177 0.5305979945496873 0.18427736282348767 0.17554653469127146
17 0.6349548417168741 0.5630399665818221 0.04941934740221221 0.05681362133990877
9 0.6835137037328781 0.122572244629229 0.26362967207625304 0.245144489258458
9 0.6130626562479404 0.293708711250822 0.17043305113509036 0.18788290268936264
9 0.4125110515388323 0.4924960353278184 0.6625221030776645 0.9849920706556368
9 0.8385812589284537 0.18008946455286887 0.32283748214309255 0.31470103604390703
9 0.9413086128234877 0.4343946092059604 0.11738277435302465 0.19831132535009016
9 0.7145275190714282 0.46600078723745897 0.2050535129856435 0.20234539202736243
9 0.6169430016182625 0.7398479145846856 0.3187377321397973 0.45049308537554345
9 0.8389037763750288 0.6974133245544596 0.1475955689919978 0.22198518268618095
9 0.8331037897677094 0.7232672998886416 0.23804901947846524 0.3027090186982713