3 0.22180208390051334 0.7949182881351715 0.3791164484388049 0.37211420868586076
12 0.46028697252598116 0.9657117533541946 0.21601450361804453 0.06857649329161078
14 0.5281273270031084 0.7849741136492098 0.26023589439121897 0.2127942029858776
14 0.40977571743759855 0.9037244776273958 0.1649300384437538 0.17655106436617346
17 0.48451784712949636 0.6745011533738652 0.053855340343633 0.04735560124083733
9 0.07520143798115582 0.6382591066887189 0.15040287596231164 0.24828395273377596
9 0.21937420398147278 0.6018567029858776 0.17965427973732648 0.16045617080279087
9 0.4682719651742909 0.43534046438584395 0.9365439303485819 0.595680928771688
9 0.10482199994422918 0.8158267318147697 0.20964399988845836 0.328998357192922
9 0.2967567390343245 0.9502563621366005 0.19207903663473136 0.09948727572679913
9 0.37314325588135216 0.7349309189612054 0.19083079715018095 0.19548673466476138
9 0.664740935664107 0.6918082577167957 0.44031954206179835 0.29232815571965354
9 0.5807023711010716 0.9039151377865249 0.21551653663473136 0.1318284262506726
9 0.6082098954113311 0.8960164303996091 0.293375943011738 0.20796713920078175