1 0.8803552456272501 0.5438609563095825 0.12490363152302777 0.21188436379145834
10 0.8285532427523121 0.647604858570034 0.07595620636839726 0.12808993882958325
10 0.9477974503286575 0.6604841054359021 0.04923446757828529 0.06820579255305574
10 0.38335308668347706 0.43880139475791646 0.23169602333785927 0.125476697947639
10 0.3977984818322885 0.36645361607256915 0.2151782030344175 0.11417552203583341
10 0.3817272006185215 0.32299455680201355 0.1391897878817268 0.08121624525034736
10 0.386876183658758 0.5874389165094094 0.14256936364518022 0.2372480397032639
10 0.35997832805866337 0.7469600400845137 0.13565019970043757 0.09516964247680573
10 0.31552695532962727 0.701030597455208 0.0801654742462448 0.10323540919430556
10 0.3621302436703959 0.8979776794271872 0.0751909318225902 0.11871493882958326
10 0.39803592169996427 0.877573607238854 0.04933006242753395 0.08848192496187508
10 0.3879437024546893 0.8018832762168053 0.060554604851188645 0.07314786569131933
10 0.31702594032671777 0.6235050094993053 0.08316292848861026 0.10174564437666671
10 0.33115247108144275 0.5472509808139581 0.08121779121570664 0.09702177678548622
10 0.346394962746493 0.5038458197197915 0.05395391848667064 0.04960126291777787
11 0.40401537048231795 0.7302803799402774 0.020248598183228772 0.03790004350298624
11 0.37131418290985196 0.8187077535153817 0.02311850666795978 0.034847778685347205
11 0.3591653850261855 0.6890566211065623 0.03705346091032524 0.03361258700597229
11 0.47440865031895907 0.41320002308267323 0.030261326971401558 0.04593074905006951
11 0.48013274971013586 0.3394897661488191 0.03313123545613248 0.04287848423243057
11 0.8136940330499348 0.5039275937523952 0.03612868969849785 0.04138871941479181
11 0.9516239519956475 0.669005120253541 0.03938123545613266 0.04302395459715278
11 0.9424092222893907 0.42187554711527697 0.0393812354561323 0.04302395459715278
11 0.9425520988114486 0.6058147892314923 0.02598841515269079 0.03179551386770836
11 0.8461554598715552 0.5947519622935064 0.029496052425594145 0.03655574905006951
9 0.44371611502230623 0.5837677494313191 0.8570763397275929 0.8324645011373617
9 0.7909747837988409 0.2735497627303466 0.259469563345618 0.3319812710859029
9 0.8706466951585098 0.5550887438286451 0.2587066096829805 0.4129780043684031
9 0.9346606241061618 0.8790158998888187 0.13067875178767635 0.18270731648875013