1 0.41171875 0.821875 0.1953125 0.09453125
10 0.31640625 0.7609375 0.11796875 0.0578125
10 0.2984375 0.8734375 0.06171875 0.03984375
10 0.53828125 0.36328125 0.10625 0.2078125
10 0.60625 0.3859375 0.096875 0.19296875
10 0.64765625 0.37578125 0.06953125 0.1234375
10 0.39765625 0.35078125 0.21875 0.11015625
10 0.2484375 0.3078125 0.08359375 0.11875
10 0.29453125 0.27109375 0.0953125 0.06484375
10 0.10625 0.29296875 0.11015625 0.0578125
10 0.1234375 0.32890625 0.08125 0.03671875
10 0.1953125 0.328125 0.06640625 0.0484375
10 0.36796875 0.28046875 0.0921875 0.06796875
10 0.4390625 0.303125 0.0875 0.06640625
10 0.47890625 0.321875 0.0453125 0.04609375
11 0.26171875 0.3515625 0.03515625 0.01484375
11 0.18046875 0.3109375 0.03359375 0.0171875
11 0.303125 0.3125 0.0296875 0.03125
11 0.5578125 0.45234375 0.0421875 0.02421875
11 0.6265625 0.46640625 0.03828125 0.02734375
11 0.453125 0.7640625 0.03671875 0.02890625
11 0.2890625 0.87578125 0.0390625 0.03359375
11 0.5234375 0.89375 0.0375 0.03203125
11 0.35 0.8734375 0.03046875 0.01953125
11 0.365625 0.784375 0.03359375 0.02265625
9 0.3859375 0.3828125 0.771875 0.765625
9 0.67109375 0.7671875 0.3015625 0.2109375
9 0.39921875 0.84375 0.37578125 0.2625
9 0.08515625 0.8921875 0.1703125 0.215625