1 0.5500040290675161 0.8895276709556018 0.23158373195336796 0.12941583098930565
10 0.43599980603721783 0.8381055506404888 0.1404133576783142 0.08046927088084707
10 0.4421099413099337 0.9599623699223295 0.07433807178554286 0.05353406615858276
10 0.5772676979346963 0.38365946603694584 0.16006577469461652 0.2367647226762452
10 0.6541145404661636 0.3981628484523073 0.1493883838228232 0.21952268052176754
10 0.6949996495943702 0.38122078814745697 0.10284342531467203 0.1411613311856975
10 0.42707844378551146 0.39059474638576275 0.2613663203356502 0.15145445745273883
10 0.2604587062330661 0.366198213502863 0.11835002614450918 0.1396897347764936
10 0.2999346807132569 0.32035444837755256 0.11721265601864025 0.08345791549465283
10 0.10768890374355515 0.3699948583130605 0.13248245850815116 0.07886131908544894
10 0.13384958465730473 0.4060687136992548 0.09609467261537978 0.05209883118569749
10 0.20874284088108203 0.39479084611461623 0.08286096680652096 0.06295451795398091
10 0.3795629811281754 0.3200368066906131 0.11576855518880329 0.0850113251355733
10 0.45947562407456105 0.3337771198241337 0.1095185551888033 0.08497496369925477
10 0.5058537166060283 0.3481032402374426 0.05894987012586874 0.05656816256778665
11 0.2840863829976308 0.410066388170898 0.040601689212119305 0.020539758976990542
11 0.18959009917945177 0.37906130698520063 0.039275987552445366 0.023655668617910842
11 0.31881565789274 0.3634141019683487 0.04045997925407559 0.03928066861791084
11 0.6177877993892332 0.4752611587571575 0.05080548340326043 0.03153180113146803
11 0.6939834464848038 0.48117079117251904 0.04623638257342364 0.033067030054229285
11 0.5800099151654245 0.8217634540348933 0.0480356809137497 0.03620112041330899
11 0.43303093923534125 0.9638140777678519 0.050071777594401644 0.042460210772388506
11 0.6841906975337111 0.9496571707592102 0.04827247925407559 0.03932612041330898
11 0.49704589504420016 0.9532538276696559 0.036387785892771515 0.02676248789975162
11 0.4927709469090111 0.8556157583878153 0.0413120842330974 0.029914758976990186
9 0.4617503643262988 0.4462407583878153 0.9235007286525976 0.8924815167756306
9 0.8106320305174085 0.7942116675377563 0.37192715726804015 0.27079533079291396
9 0.5355387873658859 0.8718300690854491 0.45234836307689896 0.2563398618291018
9 0.21815130043814043 0.9407749909248138 0.1996233369323898 0.11845001815037257