3 0.766835026910432 0.8540786103944464 0.41868357006615664 0.27416952597128696
3 0.9051516757464693 0.280370554795129 0.1896966485070614 0.3456512394466931
3 0.8900286923422158 0.6239256858825614 0.21994261531556844 0.288629672076253
3 0.20960204509566238 0.7378703725660156 0.3398808628929052 0.35238425486796865
3 0.1812485440872562 0.4442567402607674 0.26257568169855416 0.2511569456152033
3 0.2833802185732179 0.14113746875041192 0.3261354371464358 0.28227493750082383
3 0.638902142982305 0.5794116213514949 0.20756039976756888 0.2455148717519414
3 0.5548934937189391 0.48544916152953677 0.22562198491686267 0.2583148806803953
3 0.5261011302449563 0.744861117698047 0.1820905062041863 0.26067622158978576
3 0.4281774464527152 0.664439006496117 0.2264525113999664 0.2255569277582959
3 0.4280249911210491 0.5056543417234647 0.19556314431968733 0.2078512305182393