3 0.3288704871857767 0.9125432639640472 0.2727376495154674 0.17178628270208945
3 0.18663979249777235 0.7570392459818646 0.24943082551403833 0.30734197469763486
3 0.14409810535133658 0.47292787531827346 0.2479882938351547 0.37601924936345305
3 0.48899071622742946 0.23221196865054622 0.5029814324548589 0.46442393730109244
3 0.79375 0.2020506592934564 0.4125 0.4041013185869128
3 0.40517808096192 0.33775125461491146 0.4586087195816241 0.4409191853914519
3 0.786182426502774 0.27389455589595935 0.42706378863937466 0.4140112400540884
3 0.6192730679724697 0.42517688725336733 0.31763452229572964 0.3003294533736344
3 0.3828820999034549 0.4326188592855022 0.38548829383515465 0.3776192067154522
3 0.5071986749132902 0.5891132126034575 0.3814456500196705 0.31980670671545236
3 0.27826529174146775 0.5354813246340016 0.2909299106633322 0.32031468936981644