3 0.4225129549649321 0.14183535845791936 0.40981030073828056 0.2836707169158387
3 0.6312335202011821 0.3004877659251627 0.4298224120893325 0.2895249962759463
3 0.32954990669066175 0.3615538143108049 0.2656807665005543 0.2320292117440431
3 0.8552984831856787 0.4710591693587661 0.19530770974529404 0.2521190798171736
3 0.6219748434569966 0.4983816104246447 0.43518983497600683 0.3489727708830522
3 0.38170959129752824 0.5518855618296055 0.31622098704318996 0.2670977245643247
3 0.24437957201919674 0.573169864558474 0.30079624614248857 0.26949497849326604
3 0.8995539211886312 0.6690749842887435 0.2008921576227376 0.33755146567298444
3 0.6749343668973811 0.7623327944612099 0.44812992596899337 0.3807321931327932
3 0.3974404225729072 0.7729065372224997 0.28102396668512436 0.30128863399378414
3 0.22383294185123864 0.7661043813076969 0.27317189389073526 0.2759975355653605