3 0.5707421477931846 0.7197148547088069 0.3381790682122389 0.3347867500848182
3 0.34963115174751724 0.7307168089778255 0.28757157315515497 0.3564236479078996
3 0.37999110828703864 0.910885425497896 0.43088653855474374 0.17822914900420805
3 0.7244494210248892 0.8350819382814038 0.43272756425790637 0.31936513592699994
3 0.17042381281221264 0.6979340469121078 0.29213173916276614 0.35346233901489227
3 0.27619767444774923 0.4410615427357566 0.2858525642579063 0.3142361479078998
3 0.11830691999912497 0.4144841406515056 0.21636773520843344 0.3320932813030112
3 0.22904680733782415 0.27948663647515437 0.4083350593149905 0.2951091803920374
3 0.5319343853987138 0.26509927657850585 0.31353189528454556 0.3042807945498551
3 0.7291967045623551 0.2048959304768554 0.2508700692008222 0.3364186827542901
3 0.8086514177562222 0.5677803655933982 0.3826971644875556 0.2826637440943681
3 0.757004664067626 0.4087029767559911 0.28544138737588015 0.26585321161023057
3 0.5940921230786053 0.6035095013507623 0.24274455140632512 0.2518799916472975
3 0.28255244520799594 0.539580888289253 0.48700388737588024 0.27289192921091115