3 0.81875 0.7831660229995034 0.30625 0.3249989684963689
3 0.15390625 0.8452492428729983 0.3078125 0.2563765142540035
3 0.50234375 0.8722752889204969 0.2765625 0.1960130991013127
3 0.86171875 0.2202835146645538 0.2765625 0.3382005991013127
3 0.609375 0.12417971393019522 0.240625 0.24835942786039045
3 0.22421875 0.14287315515075102 0.3671875 0.28574631030150205
3 0.5640625 0.6148934814939327 0.24375 0.19802213819098746
3 0.5046875 0.504896470284045 0.253125 0.21597491273679487
3 0.7734375 0.544677349970905 0.2640625 0.1668677330402364
3 0.73203125 0.42461981254822023 0.2171875 0.22085386031120038
3 0.5734375 0.38287820694812547 0.203125 0.18845594849248962