3 0.22126883530635127 0.08801762958669108 0.2612876706127025 0.17603525917338217
3 0.12871402879787103 0.26500231040304617 0.2160385566776581 0.29330561416679296
3 0.14242481092972192 0.5478693525575239 0.22464802425594313 0.36051129488495215
3 0.5337824898773741 0.7652280067374952 0.4800685900174571 0.46663507161953177
3 0.8225277372077112 0.771167892767094 0.3549445255845775 0.4116384994108248
3 0.4240730368429567 0.6564393348981307 0.43510703425788294 0.4132737222834617
3 0.8046547754638912 0.6862298113850048 0.39069044907221767 0.38967259582002856
3 0.6163724939602601 0.5513649737563997 0.3008281448589473 0.279743083916172
3 0.3822366100213363 0.5652330727978823 0.36632534122540494 0.3550885175611974
3 0.47047057834852735 0.40136094945770706 0.36616610243529274 0.29574078863843634
3 0.2575239103208987 0.4737273497288535 0.27474387698109987 0.30457945745273884