3 0.5356934322335505 0.68828125 0.3355705628577136 0.315625
3 0.7396899584713226 0.60625 0.2884071365211193 0.3375
3 0.7759705507623413 0.8015625 0.3681562787274338 0.23125
3 0.4475046455430219 0.84765625 0.4252855102409951 0.3
3 0.860312542587485 0.50703125 0.23969662073610393 0.3328125
3 0.6837863818947321 0.33203125 0.28447849971765127 0.296875
3 0.830698450225879 0.2375 0.2543205628577134 0.315625
3 0.6561226554310811 0.1765625 0.4003919260542455 0.275
3 0.3785220292215438 0.28828125 0.3120574681476203 0.2875
3 0.17449468188061465 0.3171875 0.25146857864272903 0.3203125
3 0.245788769051136 0.6625 0.4027888839608706 0.2625
3 0.23641231100333643 0.5015625 0.2818393471291677 0.2515625
3 0.46583522951801 0.6 0.23874179451244917 0.2359375
3 0.7194515951336162 0.4171875 0.4742088576525113 0.2546875