3 0.46500260197625065 0.14533137492617085 0.3765617263722767 0.2526171668696945
3 0.6527730242559431 0.31942330968992094 0.39623649758410406 0.2461063510151357
3 0.35626468607465395 0.35256048889811653 0.24043303667377874 0.20348115514950216
3 0.8538087210814428 0.5020892080564763 0.1696739975841041 0.23158756631598418
3 0.62738974229327 0.5087454279808032 0.39639573637421643 0.3051809623661878
3 0.39116519986961545 0.5395901195275 0.28647886031120046 0.2344097825396833
3 0.25685397274843275 0.5489825107973416 0.27292654334173855 0.2397586165928393
3 0.8975276727387345 0.7003276465208541 0.20494465452253116 0.3100711165928395
3 0.6555298151817857 0.7668885950073813 0.40494156001163795 0.33370648056478486
3 0.3866364229079123 0.7534919332225906 0.24904250425206378 0.2708689142488009
3 0.22008678063403883 0.7335367859357692 0.24543927212991123 0.2457687846991515