3 0.2984375 0.51328125 0.25234375 0.2546875
3 0.328125 0.7203125 0.28828125 0.196875
3 0.1265625 0.74375 0.13671875 0.375
3 0.165625 0.4 0.21171875 0.35546875
3 0.3890625 0.87890625 0.28359375 0.2015625
3 0.603125 0.71640625 0.2453125 0.20703125
3 0.65859375 0.87109375 0.27421875 0.16796875
3 0.75859375 0.71875 0.1921875 0.33671875
3 0.71640625 0.4359375 0.228125 0.23828125
3 0.73671875 0.2390625 0.27890625 0.16328125
3 0.390625 0.24375 0.178125 0.34375
3 0.546875 0.2640625 0.196875 0.21875
3 0.39921875 0.4625 0.1921875 0.178125
3 0.51328125 0.734375 0.14921875 0.4234375