9 0.38359375 0.146875 0.3140625 0.290625
9 0.20078125 0.43359375 0.4015625 0.596875
10 0.53828125 0.51953125 0.25625 0.19140625
9 0.71875 0.20703125 0.140625 0.13203125
14 0.8484375 0.14609375 0.15859375 0.11953125
12 0.73203125 0.18359375 0.08125 0.059375
15 0.95625 0.19921875 0.0875 0.09765625
9 0.878125 0.24375 0.17265625 0.13984375
17 0.890625 0.371875 0.05546875 0.046875
19 0.28671875 0.81484375 0.2328125 0.15625
19 0.4125 0.640625 0.15 0.1546875
9 0.1953125 0.39140625 0.2953125 0.2078125
19 0.33125 0.51171875 0.22578125 0.15234375
17 0.17421875 0.12890625 0.1234375 0.08203125
21 0.89921875 0.1203125 0.0828125 0.05625
18 0.86796875 0.3359375 0.08359375 0.05078125
11 0.63359375 0.4515625 0.075 0.06328125