10 0.5695015451828274 0.4145366436726293 0.20017364790789963 0.2767648717519414
9 0.9335528437818066 0.3462858810940229 0.13289431243638675 0.23995461850553063
9 0.8181274958236487 0.10219673620687286 0.18270835099579194 0.13435918344033876
9 0.6783085384745874 0.04473620698258439 0.1503670769491748 0.08947241396516878
19 0.8201736677781657 0.4070342406710997 0.2424107332097769 0.1447705779204517
19 0.7258210109694092 0.5704984971639215 0.11717760943331239 0.22534664772652385
19 0.6399281509879426 0.550891155036715 0.12250002649368774 0.19889324188232518
19 0.47040682467174005 0.5765202207823021 0.23904763103285873 0.0931808043815014
19 0.32633691005843535 0.77133961729101 0.16410717313564324 0.22772735389503396
14 0.8428720354793626 0.07205922281419226 0.09447917549789579 0.06723413879807008
11 0.6065253408289909 0.31070253165992046 0.08968254809323425 0.06402731818121907