10 0.589665553906777 0.7110713760443547 0.2323237933640895 0.23592154844057553
19 0.799177461250822 0.640664670036306 0.18911813868554467 0.14670253954332696
9 0.9185268979153676 0.6611601952451769 0.15109197469763486 0.23417336463846716
19 0.652403005927776 0.5588668888959359 0.131814716024817 0.18809686068413461
19 0.6146848299252307 0.5760888809872706 0.14222495735199914 0.14323002965749526
19 0.47781153859009445 0.5837992688202613 0.1919340560152719 0.12026737353571573
15 0.8598213232018243 0.9851124180219586 0.13666475334181777 0.029775163956082908
9 0.8797536572247324 0.8362265208346088 0.17650905068427178 0.13681820357377178
14 0.899711073878142 0.9302557982120202 0.11729768268618095 0.13948840357595954
12 0.9121934398870508 0.8695947777546909 0.09929202267663584 0.0774485207602467
9 0.812174711211051 0.929494452850925 0.17042268268618094 0.14101109429815004
19 0.31639332793604835 0.48420915121604463 0.17053177068745357 0.16000103558899426
11 0.6598593278962775 0.7913119743711995 0.10574201734563574 0.09489068874502422