14 0.38302684460536646 0.46286033049573627 0.4409180907065437 0.3064799498543508
15 0.4951701192314138 0.7654434243858146 0.33336012937617987 0.3252179264973858
9 0.2818028886457737 0.4965329853520166 0.5636057772915474 0.37744097070403326
14 0.31871670723268647 0.7509309803374518 0.30508967870781634 0.31189957257817724
14 0.12073592994113906 0.43725361058312584 0.18032494135899882 0.19424540815498564
13 0.380764910606321 0.45576088433580225 0.10986699069063528 0.17969952335696499
21 0.5222433385980486 0.5208356180384662 0.30585110534690846 0.10886550079142285
21 0.5476769538908687 0.8201142040109858 0.11468066534054504 0.056443879783455844
18 0.15879681456877723 0.7259584094086269 0.08203179734245411 0.0695516335443795
18 0.1770275518778238 0.9054556927947217 0.20031017735518084 0.16671144154108042
17 0.12713609253664232 0.9618360734361072 0.21944089067472689 0.06573997492717538