1 0.3796875 0.3609375 0.11796875 0.159375
10 0.709375 0.24375 0.07578125 0.13125
10 0.91015625 0.76953125 0.1796875 0.271875
9 0.35 0.50859375 0.33359375 0.2359375
17 0.4390625 0.75 0.1609375 0.1203125
19 0.690625 0.66328125 0.25625 0.15390625
19 0.809375 0.903125 0.16953125 0.19375
9 0.85390625 0.37109375 0.2875 0.30078125
19 0.89140625 0.56796875 0.2171875 0.1453125
14 0.6046875 0.17890625 0.11484375 0.11796875
11 0.9484375 0.66953125 0.103125 0.0703125
12 0.73203125 0.1640625 0.11484375 0.06640625
21 0.590625 0.1734375 0.08046875 0.09375
21 0.11953125 0.08984375 0.04453125 0.05390625