14 0.669469866578162 0.7589210328626558 0.2920494805034755 0.23460321161023057
15 0.6867086012308222 0.5417062510114903 0.15956886722608382 0.2549107332097769
9 0.5720182165828064 0.574541087579312 0.2484663464801594 0.2969742368379741
18 0.4665359659581064 0.6709473508261559 0.049077962657336015 0.07184028366526399
9 0.5251870703124284 0.7709721434770944 0.15504638797200823 0.21579366950744613
18 0.41247819583688194 0.5411532126217209 0.10128092531467221 0.14378969473518968
17 0.36696570890913655 0.4733952829474738 0.11162642946385706 0.1363591406515056
14 0.6049491157529694 0.5718327498303639 0.3052132539486923 0.2849305938242157
13 0.7187827823450645 0.7868079306857376 0.08321616431700996 0.06991568511654282
21 0.7773550667879434 0.6616516740623155 0.1228939709557059 0.05883434137714509
21 0.7145734921026156 0.5235911680718658 0.07111798340326043 0.03365080290255769