1 0.89296875 0.390625 0.2140625 0.275
1 0.7625 0.39296875 0.21484375 0.265625
1 0.50234375 0.41171875 0.1390625 0.228125
1 0.61015625 0.403125 0.06953125 0.1859375
1 0.3984375 0.4203125 0.1421875 0.215625
1 0.3125 0.421875 0.12890625 0.203125
1 0.20703125 0.42265625 0.12890625 0.190625
1 0.1203125 0.4203125 0.12265625 0.190625
1 0.03984375 0.4390625 0.0796875 0.19375
1 0.90078125 0.7453125 0.1484375 0.23046875
1 0.7390625 0.79765625 0.16171875 0.265625
1 0.596875 0.78359375 0.12890625 0.26796875
1 0.47265625 0.775 0.10546875 0.26015625
1 0.3703125 0.7625 0.1125 0.23046875
1 0.2796875 0.75625 0.12265625 0.2328125
1 0.1765625 0.74765625 0.1359375 0.2109375
1 0.09609375 0.7515625 0.09921875 0.1734375
1 0.03984375 0.75546875 0.0796875 0.17109375