10 0.46263773793524354 0.5718060602990045 0.26366898860083354 0.33517124614248867
9 0.09314220231604209 0.5161442365817648 0.1688279608654169 0.28228847316352945
9 0.13388153077263953 0.7917845866740498 0.21188567021222235 0.18831723010335963
9 0.2551045269729174 0.9056444324473981 0.17841855357097236 0.15808950956072393
19 0.21205520326597266 0.4972416471299378 0.2764936840799307 0.21586004163898184
19 0.34797190662885447 0.37099692704872733 0.1698449469977085 0.25895110271317867
19 0.4278418977951392 0.41745971930601805 0.16929943313000012 0.23551360271317864
19 0.6024970588893058 0.44737416409191744 0.25810605357097244 0.16319611659283934
19 0.7950267849536112 0.30681542257290717 0.21541202013597244 0.27279235965300896
14 0.1023957946403479 0.8131694309062386 0.10825021751493065 0.09274630937615384
11 0.3991584258148964 0.6597881192137329 0.1050524823325695 0.08942105027685514