1 0.24373929130365365 0.11403272241989289 0.2276034774344578 0.20333090314042074
10 0.44368339931299 0.7349542908414353 0.3536946159934022 0.24446803167023515
10 0.053195825481171334 0.43321331677218977 0.08438702335696499 0.1101766335443795
9 0.17209189264907246 0.6294782145023341 0.32045152164110535 0.4433314290046681
9 0.39854646324869286 0.17630070486891564 0.3095929264973857 0.33841660847155475
17 0.5934307174053279 0.3014013079301941 0.15049540815498563 0.1823531619159094
19 0.8462160512662764 0.5117096367765777 0.23330321113712174 0.34556386724704335
19 0.6215750671013941 0.6784639131030435 0.22733069279472176 0.19395590314042063
19 0.4483695846523713 0.520428789587794 0.19407557508545992 0.285097728688099
19 0.30354413261994256 0.7207290032987054 0.2107007854311589 0.31992736975432584
11 0.3226889377136498 0.7080160546314888 0.08264266693047428 0.10388116943775678