14 0.11796875 0.121875 0.11328125 0.10703125
9 0.46484375 0.25078125 0.365625 0.296875
10 0.24921875 0.16328125 0.0921875 0.11875
10 0.62421875 0.5609375 0.14453125 0.234375
19 0.57890625 0.40546875 0.234375 0.13046875
19 0.40078125 0.54140625 0.22578125 0.11875
18 0.19296875 0.63203125 0.11875 0.0984375
9 0.10859375 0.4859375 0.2171875 0.15625
1 0.03203125 0.3671875 0.0640625 0.109375
19 0.584375 0.70859375 0.16640625 0.17421875
19 0.46015625 0.90859375 0.25 0.1828125
18 0.25 0.096875 0.0859375 0.06796875
11 0.61640625 0.4671875 0.07578125 0.053125
21 0.0984375 0.109375 0.1015625 0.07421875