15 0.4234375 0.3395061759130711 0.2375 0.241957799774121
14 0.27578125 0.5379374286850813 0.321875 0.4359345839044009
9 0.4828125 0.5335893758566014 0.3 0.36434801024099495
9 0.4390625 0.6568224785297896 0.1734375 0.2835390840455753
18 0.6796875 0.6255247888272544 0.11875 0.16629139988706054
17 0.7796875 0.6305678755742526 0.175 0.18050508930724707
18 0.55625 0.6980228731551783 0.0921875 0.08974431043863902
21 0.25234375 0.3600098497600036 0.0890625 0.18018729991529545
13 0.23203125 0.5213267813582696 0.1015625 0.09497784200867017
21 0.41015625 0.2684201311888604 0.071875 0.12449874203690499
14 0.46171875 0.4620483048240314 0.3328125 0.5037591207361037