10 0.3682116680419877 0.28439226483373165 0.2334081863123343 0.23179136031120037
19 0.1587047682471247 0.39544069044740393 0.18939623195336797 0.1427927621279716
9 0.056839228004675744 0.3983580095428977 0.11367845600935149 0.2314089809142046
19 0.30619415227044067 0.4470674790780368 0.1320107070582587 0.18469347758022464
19 0.3436116418974785 0.4246026766524425 0.142639631123531 0.14052888939893543
19 0.4805438794499238 0.39013246861705514 0.1919525468904336 0.11505039940087514
15 0.09535912157576137 0.03928576954483738 0.13740675684847725 0.07857153908967476
9 0.08206529356644124 0.21591230029956243 0.16413058713288248 0.13252494182452973
14 0.05712541576690254 0.12283185105816678 0.11425083153380508 0.14630065727678293
12 0.04624619273660426 0.1898758298463395 0.09249238547320852 0.07496779121570665
9 0.14412666306761018 0.10625051575181554 0.17100142946385705 0.14594971303635712
19 0.6439775721865282 0.4567625039137081 0.17014932448483525 0.15519716727872251
11 0.29709552986948673 0.21876700695782386 0.1063935551888033 0.09253792848861027
21 0.0888373570536143 0.010539016210857491 0.04732528589277141 0.021078032421714982