1 0.8198486091788585 0.7761813137361818 0.19802581614940137 0.1727795851145899
10 0.4826388520921002 0.2877586935861446 0.31753970798203357 0.19810985721791355
10 0.9249850647986392 0.43044892808023133 0.11599207694917482 0.10327341567683312
9 0.8003719891154087 0.28136290723054885 0.3790476707733905 0.3950136009497074
9 0.6763242984717523 0.8099619936985404 0.26616572485707446 0.3800760126029193
17 0.4651809565464532 0.7205029974262105 0.12571430653075488 0.15818823620994635
19 0.1881770016444625 0.6131234402874393 0.19188992195451687 0.3099613363682311
19 0.34207336107777486 0.39393683425665993 0.2008234339354164 0.16349551332783516
19 0.5345758304077359 0.48008859758449507 0.15716769237293704 0.2543190901291547
19 0.6088938172457099 0.25545832211595904 0.17081353012188494 0.2874953029821361
11 0.5949578028177396 0.2738218772096662 0.06878969473518967 0.0925344924781526