1 0.6652885581530548 0.3817172412476403 0.19681479434509228 0.14433289735836247
10 0.8491712914238875 0.7314979705601867 0.15650286116879605 0.09391472668681722
10 0.30301662723935 0.9427489319700921 0.31581907257314795 0.11293854137490697
9 0.49938059415680486 0.36253253126991203 0.3178667540060179 0.386121502705271
17 0.2524652208769898 0.4811483606381376 0.16001742337435151 0.18761018268618096
19 0.3893273997179615 0.7493614639560929 0.21306309387398095 0.29436926002545327
19 0.18016559613657232 0.8972557133195462 0.17958762959490704 0.19720335868872638
9 0.7299803769565262 0.8619223619112313 0.36814157313879575 0.26495557471354336
19 0.5204290111695815 0.9159757046069572 0.18411930471268487 0.15979426535645375
14 0.9019949121118044 0.6112303765515963 0.1478304901980554 0.1375192760184536
11 0.4192759057502296 0.9844086259548203 0.0801755155513888 0.024346566677272106
12 0.9406554538649985 0.7492025438813237 0.09273288708777727 0.13219542934436318
21 0.9069462522625914 0.5963139012174145 0.11771376324231468 0.09658519334818116
21 0.9158389049482405 0.07224005454332386 0.06728453628657398 0.0554147533418178