10 0.5140625 0.53515625 0.346875 0.49375
11 0.475 0.35078125 0.13359375 0.08203125
10 0.77890625 0.11796875 0.06640625 0.109375
9 0.7875 0.11484375 0.2234375 0.125
9 0.69609375 0.046875 0.11640625 0.05
14 0.584375 0.0359375 0.06796875 0.07109375
14 0.5265625 0.08046875 0.09765625 0.03828125
13 0.49375 0.07578125 0.075 0.0203125
9 0.63515625 0.03359375 0.05390625 0.06640625
9 0.9296875 0.03203125 0.140625 0.06328125
12 0.621875 0.12265625 0.121875 0.05546875
12 0.6171875 0.1828125 0.15390625 0.05859375