13 0.18174173458201978 0.6011676578501555 0.21089359902047478 0.7976646842996891
13 0.37035026704942386 0.6018472812170953 0.3493833547025177 0.7898786312594476
13 0.4483094460255357 0.43668428377734403 0.4841287272685332 0.6400745942865702
13 0.6165821590939048 0.4738566020379037 0.3355856818121904 0.8936560786427291
13 0.5881140600668395 0.3126614968044667 0.44877187986632094 0.5818224785297896
13 0.25169572443575006 0.5816553065276788 0.3223765697994815 0.8366893869446423
13 0.3106207110430695 0.6045502630835925 0.3436515519425741 0.790899473832815
13 0.6560247142894804 0.5887682414722077 0.4306218977232284 0.6151054153897274
13 0.5901344817393508 0.3761247573278104 0.4697310365212985 0.7094770416698518
13 0.43365483644845887 0.5532261051275562 0.331116370123793 0.8935477897448875
13 0.22983613555495447 0.452895299774121 0.36138452272158095 0.8514531680911505