9 0.5830062292025723 0.4691745394689649 0.4288332431170989 0.37937175399151374
9 0.9482876723962208 0.32871804684615763 0.08572523026551764 0.3045548488211365
19 0.8511819317505799 0.6828736476444603 0.22750687056996632 0.18553954646340926
19 0.8864615626634883 0.8506858887472118 0.12358337452429921 0.20002385771838505
19 0.7205553783670885 0.9409010063514284 0.291354511862998 0.06802839429596261
14 0.7944874876427104 0.03517421290954044 0.10343801779449713 0.07034842581908088
12 0.8853061472245309 0.058246956978041386 0.17652269072219048 0.11649391395608277
10 0.8851204634224225 0.13708364517300248 0.12030186562705011 0.15777269072219058
1 0.545597706996632 0.18133629984908822 0.1562048735357159 0.19667336463846716
17 0.8729666788220115 0.30136897965968285 0.10637201680591417 0.08388952174882984
21 0.7692792406084598 0.020498253422860064 0.028790844866803767 0.04099650684572013