9 0.19876235989664853 0.7859998725099515 0.39752471979329707 0.3905002549800969
9 0.5512945274203602 0.8341283774156864 0.21948415389834963 0.2086587114824372
14 0.660012273792163 0.9155136871877874 0.18674108656782168 0.11994903855474384
15 0.8044343963875014 0.9127494900398062 0.15058533175849825 0.1122346976422726
9 0.7426635718853973 0.8497348368837763 0.23165677168436433 0.19979304745199258
19 0.2802280923886354 0.5986497697344825 0.278695462791357 0.2063905573378241
19 0.24848705218476747 0.36824202813743945 0.33696431977759866 0.2664950692008222
19 0.39826385209210025 0.25682041399326383 0.24379467313564324 0.23461371642535314
19 0.32561506969278065 0.06821414771882249 0.3018948606144387 0.13642829543764498
10 0.48787444519852574 0.4162179772254059 0.3167063834799295 0.26722989825029514
14 0.5594418441179159 0.8689026254385201 0.12574902286549072 0.11590352570316256
21 0.7170782401268991 0.9568761748304977 0.0914980192372937 0.02869268577927464
21 0.8512176271502078 0.9358076466558771 0.046949411069925874 0.048721342889637496
11 0.5683853460168324 0.5010930429290059 0.10305556733052797 0.09157468775644091