14 0.8554161812142327 0.8571961044859716 0.12796246268299924 0.12325827488562524
9 0.47822806723427735 0.7183589953472566 0.41166694271163423 0.34074194129812535
10 0.7122207118873688 0.8128856728745827 0.10467041335136287 0.1352127610179167
10 0.31347796061427513 0.3785366951947567 0.16708060136854383 0.2631935970739585
19 0.3583530139242762 0.5493206674593399 0.2611022266868172 0.15447452013597243
19 0.5577183092775481 0.3978451671749995 0.2500010946849082 0.14015744699770857
18 0.7885148706238201 0.2971866312714576 0.13408519334818117 0.11246624525034736
9 0.8749143526018667 0.45685061236975616 0.2411169906906352 0.1821267414506252
1 0.9561814392505038 0.5877356300371867 0.07173064401654479 0.12351154160312508
19 0.36144438796945594 0.21652635125493025 0.18819198535963508 0.19807774335048628
19 0.5017074033259095 0.05045067562746512 0.2778351933481812 0.10090135125493024
18 0.7090315298775056 0.8855964742613537 0.09620338534372692 0.07878092306201409
11 0.31852799260027576 0.4815162248300345 0.08664657200827239 0.06293771751493064
21 0.8755650492123237 0.8707858258006244 0.11346361067790874 0.08543096656499997