9 0.45287776379971767 0.14371773974838098 0.37549447240056466 0.28743547949676196
9 0.23880340137997175 0.35962050354337904 0.4776068027599435 0.6932589929132419
10 0.5236758644516362 0.5048312775051782 0.29956717207625305 0.2540625397405318
9 0.7729527102289954 0.22441705809039925 0.17155917451188502 0.1668303798517324
14 0.9102714780859028 0.18526773413644934 0.1745478068171334 0.15912700725639412
12 0.7912896530048249 0.20269582551359439 0.0950591298696164 0.07827382213985139
15 0.9753822349857616 0.25716752678738797 0.04105346834337489 0.11542659255827133
9 0.9084714245151803 0.28839273413644934 0.17492963636243813 0.18100200725639412
17 0.9061940840128269 0.4188614841364494 0.06507162094116267 0.060049611795565026
19 0.2069893762227589 0.7555877679713493 0.26763533360249453 0.21390876569391465
19 0.3712582021146157 0.6038466747801057 0.18603077759614006 0.19075895317271013
9 0.2131043774372796 0.3157985816736802 0.3421910486994585 0.28053575970346484
19 0.3206696412369973 0.46038934065935483 0.2597137394466931 0.20738594718226028
17 0.25288349228936224 0.053030741562479514 0.14094437418757347 0.10606148312495903
21 0.9597493267059309 0.16870522751302738 0.07471935633066593 0.07600199400955021
18 0.8912645592560606 0.37956337115975786 0.09495003571381488 0.0720238221398514
11 0.6323065706201463 0.4541913820443491 0.08889095048646745 0.08274306733052797