9 0.2983567786839537 0.1394404792769344 0.4560885573679075 0.2731509288963735
9 0.7033351800206809 0.18093023129128177 0.20374426002545326 0.1957130425090765
17 0.08710964867122706 0.03712726828878873 0.07421929734245411 0.0701798488211364
14 0.8464124706794994 0.1289750949411658 0.1702408693507266 0.13500103558899426
15 0.9551693053389542 0.1810880346747732 0.08966138932209163 0.12244268577927472
9 0.8927874840069997 0.22776010482699754 0.21442503198600066 0.18534854547482604
19 0.3565703627068618 0.3104824911399325 0.2692783533577262 0.19057455634924098
19 0.24493507073517867 0.5144285504177419 0.3214590186982713 0.24580056722365579
19 0.3505776380887687 0.6678811556646689 0.22747266136218053 0.2216680474519924
19 0.1975997307844946 0.875608789543327 0.29636811203054403 0.23696939528454558
10 0.4944356314051331 0.5488021863107473 0.30120106269890756 0.2496603962731289
14 0.7232931440165447 0.1512891522418089 0.11838746801399935 0.10790002471457938
21 0.9156528193427722 0.10680827627181622 0.08499316534054487 0.05656301779449713
11 0.6023748533974971 0.4969770425462576 0.0962579293443632 0.08513368676785796