10 0.44899958050555205 0.4529694364364148 0.1720675090451115 0.2514700366905286
10 0.12945620590203677 0.12203316567207607 0.09783771370395286 0.1131818104386391
9 0.3348674021931351 0.2072103444277446 0.34434530076822567 0.2988896102127601
19 0.268077129126071 0.4486628260824803 0.20893898801421235 0.12276818401734033
19 0.41994060153645113 0.5821263154179623 0.14141729534115868 0.142201452503779
17 0.09798703640758878 0.5470184841443972 0.13213082654882313 0.11362142619541978
9 0.07503313602347599 0.40626468152767875 0.1106652623244719 0.120159852532014
9 0.9289848151288623 0.17280712543307836 0.1420303697422753 0.18024748407381005
15 0.9387725729307785 0.10230490963394537 0.12245485413844293 0.06500191567207607
14 0.809440277023793 0.12269446239183819 0.10967597241038014 0.13100634727034205
9 0.8391930540475858 0.1999772992094237 0.09389384215265509 0.09737479991529537
19 0.30901082485134246 0.7244286655309017 0.2136198439616777 0.15263769454068415
11 0.42628137550802647 0.36129787592718854 0.09044793758467104 0.06134629465362353
19 0.4326575282669884 0.34920739960471187 0.2162601650834338 0.11384821032569965