1 0.192136867875521 0.18391325908385575 0.2001130220358335 0.2221932197043169
10 0.5173453813619797 0.603525288920497 0.3472439015948613 0.3121799751643287
10 0.04359679720579906 0.5279178348473093 0.0643547471502084 0.08478933030538141
14 0.03203974173496564 0.4349331093931165 0.046332098973819534 0.11450878121376692
9 0.19774204939000056 0.6601409192355766 0.37439089589527813 0.47346816152884674
9 0.3393930743725349 0.16929245628380843 0.24560997283326422 0.33858491256761686
17 0.5516761752462156 0.19526650770672987 0.1380844943004167 0.17034393515657004
19 0.4742103643601393 0.4653714557401775 0.1593438580918752 0.2796869842481845
19 0.6772639355985421 0.5129805530053225 0.1925901563445141 0.16699553667377884
19 0.8442468413743753 0.25513674678670634 0.2240246071419449 0.31147886031120037
19 0.37912064237989646 0.7181294071076051 0.17380640159486127 0.2980223960668951
11 0.3859856253780561 0.5758941096829806 0.07416615824437507 0.10430460485118864
21 0.023064132027569795 0.41922836106010647 0.02881729065319453 0.09904327787978709