9 0.47179133933219547 0.47477443729933055 0.43000013895618283 0.3590592539915137
17 0.6159031741117678 0.22077929847775662 0.2176713052100677 0.18665637749004843
19 0.8484523467757935 0.3703640988954985 0.28344616252983135 0.2595155573378241
19 0.9780436091817905 0.17604770760246663 0.03532537799792799 0.08877333992388783
9 0.8871487038906694 0.699123110264205 0.18014568817039453 0.35199753460041094
14 0.6674225930562491 0.8960286492760595 0.15124578453190338 0.16679486364988422
12 0.800342100914132 0.9325789963299942 0.17940501778268042 0.1348420073400117
1 0.4596251714256807 0.6519590198088445 0.157097678245597 0.19198586463846717
10 0.7862667923942954 0.8484280904925416 0.11032968610347993 0.15888952174883003
21 0.6361897096816376 0.9111933928502687 0.09088617328319834 0.10975168479069168
21 0.12343499855676714 0.8957793680985084 0.032307385855810854 0.05745967292769336