10 0.43046875 0.43203125 0.14375 0.23203125
10 0.1171875 0.13984375 0.0859375 0.10078125
9 0.31875 0.2015625 0.31015625 0.26015625
19 0.253125 0.44765625 0.1953125 0.09921875
19 0.40234375 0.56328125 0.12734375 0.12734375
17 0.08671875 0.5640625 0.1203125 0.09921875
9 0.05625 0.42734375 0.1125 0.10703125
9 0.9203125 0.10234375 0.159375 0.1609375
15 0.928125 0.028125 0.14375 0.05625
14 0.7859375 0.0625 0.09453125 0.125
9 0.81484375 0.1390625 0.0828125 0.0859375
19 0.29375 0.71640625 0.196875 0.128125
11 0.40859375 0.34375 0.08203125 0.05078125
19 0.41484375 0.33125 0.203125 0.08984375