10 0.49765625 0.43340271080762244 0.2875 0.18660222122887743
19 0.3546875 0.2235515395708957 0.246875 0.16799606496827524
19 0.3609375 0.30692703476157235 0.234375 0.1331845553496283
19 0.325 0.49255699991518204 0.1546875 0.2663393065307547
19 0.57890625 0.15712789828641793 0.1875 0.2752976442797027
9 0.69140625 0.07170135209210024 0.2890625 0.14340270418420048
9 0.9140625 0.20792398413644936 0.153125 0.16315974282842385
9 0.95 0.37776276898283967 0.1 0.17849207694917474
19 0.1 0.6058829230508251 0.196875 0.19281252649368774
14 0.94375 0.20454352379216306 0.0875 0.10774306733052796
11 0.59921875 0.4376685701561168 0.0765625 0.09798612141421188