1 0.09771824264004668 0.5519295769491748 0.19543648528009336 0.3194841538983496
1 0.19495358525623083 0.5750074676006804 0.26762604137490714 0.31547126569391465
1 0.4602604119191856 0.6116270469969258 0.18423173870145285 0.26257938947037934
1 0.35022234058723095 0.5976240559826006 0.10545221069381698 0.20360120435383652
1 0.5671734832511401 0.6255209106065895 0.1856487880330892 0.25013395317271014
1 0.6545189419160039 0.6418577279371174 0.1682976560311804 0.23547125244707062
1 0.7613411065802312 0.6635640915467811 0.16658970536281678 0.22291668874473985
1 0.8478507712444585 0.6845611270261436 0.16032152402927125 0.22113593393541642
1 0.9322712245783222 0.6836013169520098 0.11649879869508979 0.21335815027015242
1 0.12204608064131936 0.19105656433530305 0.1936612827020893 0.2675942716843644
1 0.294975050644501 0.1736483534428626 0.21439195337363443 0.3042410998146655
1 0.4359267673058649 0.21764886850380508 0.1799805907065437 0.2999156983633867
1 0.559000640634956 0.2532094009879427 0.15797832137172546 0.2882143065307547
1 0.6609898546308198 0.28725207349061377 0.15765105736790747 0.2600893065307547
1 0.7505790659611836 0.31226448637463794 0.16706242003499838 0.2635416887447398
1 0.8525955519573655 0.343963408877309 0.17774538136536222 0.24204863466105583
1 0.9329552139560929 0.3561484395473481 0.1288169853596351 0.19816965988879928
1 0.9664671479551383 0.36435280914746143 0.06153857869190773 0.18801092068857256