14 0.7279622183635809 0.25894734253753887 0.284135367244561 0.2344603693163095
15 0.7051838821362664 0.4630854176186167 0.16135283870851377 0.24636825973923263
9 0.6028422861890423 0.43130535795881436 0.2461302531003719 0.29000125730360066
18 0.5205263999189468 0.3382877893705582 0.04851458271265763 0.06954093262955982
9 0.5943149644346393 0.2456678668872681 0.15506429735218497 0.21191143912238158
18 0.4453915051717957 0.4598139618538483 0.1017894400324213 0.1407261858759707
17 0.38939190819111436 0.5224600121781598 0.11080056699689207 0.1330773271096728
14 0.6323478496712778 0.4346934107187579 0.2988913800648426 0.28311605762791225
13 0.7791266120772745 0.23307458929112795 0.08296235731976367 0.07170345048646727
21 0.8133667173301236 0.3526916140478943 0.11831766046291677 0.05983074188232518
21 0.7285657241545491 0.48063142776488643 0.06886131596343467 0.03711026217486477