13 0.17350239665777745 0.39965455466263655 0.2654952066844451 0.7993091093252731
13 0.3653262207459719 0.4112614799490933 0.4046668094579868 0.809178289385725
13 0.42987576396461763 0.5909302512730937 0.5323891531134727 0.6591430214035423
13 0.6072929023573608 0.5521570105824585 0.395511321425834 0.8856135200509068
13 0.5637032904657633 0.7135581345878672 0.48958209764263944 0.5649203067313607
13 0.24167051519888855 0.4245909199952275 0.38228396960222294 0.849181839990455
13 0.30544272767982605 0.4031880873249549 0.40161454464034796 0.8063761746499098
13 0.6580033768061455 0.45393713924254964 0.4755209040634032 0.6319259933959062
13 0.5706449279085758 0.6502132499204583 0.5190903725282645 0.6917918894016333
13 0.4266260902370135 0.4629940729829781 0.3949307463877091 0.9259881459659562
13 0.20771112965593702 0.5388426819700923 0.41495099923750073 0.8483498773869975