14 0.38579642807126946 0.5493314805647851 0.4728408000477251 0.38160136489479635
15 0.5710868487030438 0.3043658412975282 0.3729135253819068 0.38144307371723973
9 0.30065781206236075 0.4782994848837217 0.5957521360598155 0.4784739697674434
14 0.3980033373647259 0.2565827760612783 0.34302603071290694 0.36235311227390266
14 0.1281833753978152 0.4828601696474717 0.20401698002863505 0.2238542119047624
13 0.3811725627386785 0.5544998419158371 0.13343176002545337 0.19591088217054295
21 0.533270864735815 0.5431687230066459 0.31106586401972647 0.1651381508305656
21 0.6347129966979532 0.2709711528331504 0.11953179734245403 0.0747973457733484
18 0.2391459580283169 0.22376337677187214 0.0899715666772722 0.08383238433001132
18 0.30313463800922685 0.08734381785714364 0.2187692760184537 0.14985550740125564
17 0.2696494286680454 0.027428597314507898 0.2236738573360908 0.03463102559985291