1 0.2970581443766667 0.07095714574165614 0.1972412887533334 0.14191429148331228
10 0.5149094059632644 0.5530003942216004 0.35036890159486145 0.298381739162766
10 0.05949063487736139 0.33852398912558507 0.07532861474138897 0.08424234882113639
14 0.06186879283739603 0.2391142381370019 0.07612870174736122 0.11861734882113639
9 0.190271775454306 0.5146169624338394 0.36672386626000036 0.46451607513232124
9 0.44894860590767377 0.11587571490529731 0.23227221181534752 0.23175142981059463
17 0.6525652215989932 0.15092194657932753 0.13971972948277803 0.16803902866891204
19 0.5082203820275698 0.40000272821398913 0.1563643284565975 0.27954953163466156
19 0.696849083774931 0.5080513556668566 0.19567878875333342 0.1578310405319101
19 0.9076144378796528 0.2974799757053502 0.18477112424069447 0.30770370653952134
19 0.3508663961796186 0.6277178458182059 0.16926437195958358 0.29724636760421674
11 0.39294218056454905 0.48680900292856855 0.07107752583555556 0.10280134783255335
21 0.05518238174322935 0.22061890612177945 0.058577525835555644 0.10229201186299815