9 0.3798811725466657 0.1260438937644898 0.3527376549066686 0.2520877875289796
9 0.2062190225012372 0.40478170600804875 0.4124380450024744 0.6623115879839025
10 0.5332120539360442 0.47642596536240783 0.28745349163225703 0.21908155832640724
9 0.7375774858665057 0.13209900931717805 0.16065861827193723 0.1499893656270504
14 0.8778583271146501 0.06382712422138156 0.17719102103089918 0.12765424844276313
12 0.7522098739261467 0.10577658984952573 0.09241987336031983 0.0676915187830803
15 0.9648769702626737 0.10880479486899128 0.049236439393693134 0.10647017589344294
9 0.8989753312985215 0.16138330821486416 0.18146244120271576 0.16019203657757744
17 0.9145073988022331 0.2963976367700455 0.06363977611928177 0.05404551285158128
19 0.25396613071201 0.8066532707230657 0.258925699909143 0.18049921939110264
19 0.39434322648271003 0.612274576540834 0.17134381275401314 0.17537136760421673
9 0.17286213138937856 0.36091895946808983 0.33070552464894376 0.24111306722365589
19 0.31314521540143353 0.480715511825817 0.25251192559888347 0.17711955140632513
17 0.15939493215760414 0.08237746539958889 0.1374800678423959 0.09447419467652327
21 0.9332385459069856 0.030260572586501232 0.09225609905006031 0.060521145173002465
18 0.892253940525347 0.25988447521105856 0.09513543758467122 0.060006352775469105
11 0.6371426373822724 0.3973512776059668 0.08493492198083885 0.07362318380210837