1 0.2839438185429084 0.13490755575517385 0.3517878260824803 0.2531678996950003
1 0.3044621739175197 0.2527314886008336 0.3562624944559795 0.3032042672861809
1 0.3687774899707665 0.5319481695466323 0.29160918927901225 0.21119729882131963
1 0.3410913767036474 0.41630433254066 0.22566639988706055 0.12384146276527801
1 0.39581886113039333 0.6452300727570142 0.28067168927901226 0.2109427256830557
1 0.41149779806091835 0.7386897852379517 0.2609206314006219 0.19331881458888917
1 0.43137141132803747 0.8541517842880213 0.24823862087727822 0.18990287385944454
1 0.44226413772110124 0.9286192285328474 0.24476501038216938 0.1427615429343053
1 0.4719824588242584 0.9822351910137849 0.21982665258848363 0.03552961797243022
1 0.6675900474256338 0.07577613041204918 0.28669490514873247 0.12682229882131968
1 0.7529521528002452 0.19510931829170203 0.3404863050357928 0.24666332655673634
1 0.7625561240022243 0.35257697938586874 0.3320521787556686 0.20901785619201413
1 0.7740789109751015 0.49053157427562566 0.31809609456891896 0.1837269154625698
1 0.7775462742422207 0.6056117136182992 0.28675508930724725 0.18143706363895867
1 0.7857844374952224 0.7059390219389243 0.2921706314006219 0.1940461664125003
1 0.7932490560240133 0.8195475802595492 0.272404162970653 0.2029483877271531
1 0.8103462797862413 0.9020879765360771 0.21903696828879476 0.14397212480937505
1 0.8200174113986247 0.9375169834699314 0.1961007262518894 0.07166071371520814