9 0.259375 0.1421875 0.4078125 0.28359375
9 0.65 0.1625 0.175 0.1609375
17 0.03984375 0.1046875 0.0796875 0.09375
14 0.7796875 0.0734375 0.15078125 0.1390625
15 0.91328125 0.1203125 0.1234375 0.0984375
9 0.83671875 0.178125 0.19140625 0.14765625
19 0.33515625 0.3390625 0.23984375 0.14296875
19 0.25 0.5515625 0.2859375 0.18984375
19 0.3671875 0.68046875 0.1953125 0.18125
19 0.24453125 0.90546875 0.26015625 0.1890625
10 0.490625 0.5453125 0.2640625 0.19765625
14 0.665625 0.13046875 0.10078125 0.08671875
21 0.84296875 0.0453125 0.0765625 0.065625
21 0.9609375 0.115625 0.0359375 0.03984375
11 0.5875 0.47890625 0.084375 0.06796875