14 0.8155644505700298 0.8900881746667503 0.13188747091226496 0.09384693361304208
9 0.7380600434624247 0.5364797678229174 0.38743480880368997 0.4470707124568435
10 0.7919192696655235 0.7707587568252554 0.14499324879205205 0.12123822780418311
10 0.43563590043964534 0.3606331985361743 0.280165216370337 0.1982528589277141
19 0.5937515472554467 0.41154173525413834 0.18405523304023638 0.27637601369695447
19 0.4158663080062923 0.6028206985361744 0.16922745849442933 0.2659354211654872
18 0.28198628921036095 0.8257039367133195 0.12841152667183914 0.14637993776222694
9 0.4276019360261623 0.8775596667925878 0.19658744182452975 0.18260270290907385
19 0.2715575539234064 0.4017937626480473 0.21737817394668238 0.20902349295103023
19 0.07905041590159675 0.5334026506200555 0.1581008318031935 0.298819698759889
18 0.8632840866349856 0.7715623949977563 0.08785042848861054 0.1060383576783142
11 0.5350779199844826 0.3694027020606593 0.07107751666989941 0.09079186597668398
21 0.8267889929936845 0.904765981305446 0.09183655575957417 0.05975535352912935