10 0.4092949188671803 0.5427918595622944 0.624723961006951 0.49821229638585435
11 0.6128235831841902 0.4918026707818804 0.1198892153566284 0.16817565727678296
10 0.8837225433427266 0.8173437732171731 0.12694285352912935 0.09732102333785946
9 0.8751404487366671 0.8268622944290003 0.15594695975755107 0.27515898091420465
9 0.9388971406480786 0.7220151688250264 0.03506392946385688 0.13485323212215264
14 0.9435039755058761 0.5989762815521228 0.040294958508151166 0.08093100666795969
14 0.9168123435571524 0.536269116399432 0.06489313942190052 0.11865414727484325
13 0.9204351736410651 0.49883288927824926 0.03776195435896632 0.08848841515269079
9 0.9448879541352518 0.6533289417038436 0.02829186597668425 0.06597568636451819
12 0.8748714520606594 0.6436831326102895 0.08889932448483506 0.1485647878817268
12 0.8074471537203332 0.6413236650320044 0.09943500539858477 0.1851400166698994