1 0.15390625 0.259375 0.17265625 0.159375
10 0.60625 0.4921875 0.22734375 0.2875
10 0.43984375 0.06796875 0.06640625 0.05859375
14 0.3515625 0.0453125 0.09765625 0.090625
9 0.59296875 0.16953125 0.375 0.3390625
9 0.1546875 0.3984375 0.309375 0.18125
17 0.23828125 0.5859375 0.13515625 0.1078125
19 0.46953125 0.47421875 0.23515625 0.1109375
19 0.55546875 0.65234375 0.11875 0.16171875
19 0.353125 0.84375 0.253125 0.16875
19 0.6828125 0.35 0.2515625 0.121875
11 0.55390625 0.37734375 0.08359375 0.0546875
21 0.334375 0.04453125 0.0859375 0.06328125