10 0.5648542435104735 0.567866726445555 0.20471832223840886 0.2749675516711113
10 0.8084995089350443 0.926110411856666 0.11440914772652384 0.11199346656499998
9 0.6205649066615682 0.8211540741851036 0.38228994317957155 0.3368895894745144
19 0.7487792301177929 0.5893566006862494 0.22443871266133186 0.15203919794763898
19 0.626438400165451 0.43992225798069395 0.1605944009729347 0.1630481267092362
17 0.9322287041432105 0.5038697763137144 0.11939665665497756 0.12929006933854179
9 0.9234695385597792 0.6477652466784367 0.10220915665497757 0.12889002583555573
9 0.043890727275123845 0.7996174870822221 0.08778145455024769 0.20389002583555574
15 0.020102625408684734 0.8681135671543402 0.04020525081736947 0.07939786569131968
14 0.11376943588256132 0.8641871737276041 0.12424779788867957 0.13877417211208326
9 0.1018518628300783 0.7863712982526387 0.10656937418757342 0.11024912860909737
19 0.7755907406678044 0.30603495440972156 0.23433190990138825 0.18194490349472242
11 0.5655343076345029 0.6631246750587843 0.09656708279171564 0.07409342306201391
19 0.5559683928618504 0.6742803806058676 0.23055234496658022 0.14437216831236127