10 0.525789329375109 0.5745775630287913 0.39537261678482505 0.5656128364098016
11 0.4886627170761235 0.37079164532809344 0.14946645407749273 0.0993330005042031
10 0.8273233664556205 0.1392674017843813 0.07533027210332363 0.12377598960843983
9 0.8375705446688659 0.13685259596818258 0.24775084138279588 0.15454466041123066
9 0.7386078589337732 0.06730528445200067 0.12903428213245363 0.040209372780262265
14 0.6167328589337732 0.058782954246385334 0.07590928213245363 0.03649451089576328
14 0.5535054332278102 0.07941252849991594 0.10747753087881229 0.04961722376899798
13 0.5177270576009897 0.07143078369569603 0.08188649749271751 0.027556553470410215
9 0.6730737871470185 0.05959133741820779 0.060102425705962935 0.02915190445914595
12 0.6560704920824412 0.13277211130342131 0.13458560015828452 0.0702246547112475
12 0.6486922496042886 0.19801469905060526 0.17061402837152997 0.07586264951546737