10 0.3875 0.325 0.20703125 0.20390625
19 0.190625 0.42578125 0.1734375 0.1203125
9 0.0671875 0.42265625 0.13359375 0.21328125
19 0.34375 0.48359375 0.1125 0.17109375
19 0.37890625 0.4625 0.12578125 0.12421875
19 0.51171875 0.434375 0.18046875 0.09296875
15 0.08828125 0.06171875 0.1265625 0.0765625
9 0.08515625 0.24375 0.1703125 0.1125
14 0.0546875 0.15078125 0.109375 0.1328125
12 0.04921875 0.215625 0.0984375 0.0625
9 0.14375 0.13828125 0.1546875 0.128125
19 0.68125 0.509375 0.153125 0.1359375
11 0.309375 0.25625 0.096875 0.08046875
21 0.078125 0.03046875 0.04296875 0.0359375