1 0.7810374823606073 0.7784338642036666 0.14860264192396572 0.1978310696514182
10 0.14298780567107744 0.42010338082355164 0.28177916297065303 0.21104147783744712
10 0.5016237271695226 0.8686272535065029 0.10001395250377917 0.13920634215265543
17 0.4618317270283484 0.7227282553155252 0.10436825256024881 0.08024077792830404
9 0.27309545071998914 0.7404081575086604 0.32464847340929204 0.30519426956056106
9 0.680769255755782 0.4807100944159629 0.44647724175455644 0.39102330619529263
19 0.3487750740869289 0.40386646992398934 0.24154900512049754 0.16220118611433315
19 0.27568545555813795 0.2947614648356066 0.17040204721387225 0.17093437697836444
19 0.3942519869869947 0.13121686397652402 0.23677049985882564 0.16039302464894378
9 0.03299742661894279 0.701698618837764 0.06599485323788558 0.13920634215265543
9 0.5241819956559614 0.9359851718692973 0.15860072625188942 0.07529432835784533