1 0.7927131427329155 0.09998528995016409 0.20911939273291544 0.1626163232558145
10 0.521569274425121 0.7998186158268723 0.23364064485894734 0.29164248920265834
10 0.9125783300155174 0.3561771283222569 0.14566292848861054 0.10881140036914028
17 0.7760825916844469 0.4253951025655204 0.08954047424624498 0.10676923658176474
9 0.8144429453276875 0.6067056593207806 0.329144334557445 0.33817513263196836
9 0.5183185337988409 0.25971524753598985 0.4264653578953045 0.46409488741233035
19 0.4825871674479004 0.6012704942967874 0.18332190940281484 0.24645110271317883
19 0.3858234798754344 0.6954291093484672 0.18408744182452982 0.1796641209117759
19 0.21488948441736233 0.6121426472868212 0.17981427212991125 0.24156334361388013
9 0.809435678367924 0.8724703616648191 0.1482457945496865 0.12141152991878953
9 0.9645881427329155 0.31714610426356343 0.07082371453416911 0.1622577729789592