15 0.26393594819375066 0.46527669286122875 0.2219742368379741 0.2327910826073074
14 0.3983208387604383 0.6845769591585648 0.42103178493120835 0.3010195600417651
9 0.4695857474681112 0.47646293078703483 0.3455952753125615 0.2863372829238765
9 0.5703273027329215 0.5640645676966265 0.2816914880191003 0.15492214687221448
18 0.6298387451058586 0.3125869842313894 0.15990576805616746 0.10923391066226813
17 0.6707489765015371 0.2138395956724451 0.16672125244707062 0.1703078029821361
18 0.6527256296820964 0.4617686303121811 0.0812896947351895 0.09289820533113406
21 0.22029753168152938 0.642149081420173 0.18370536660488854 0.0755863363682309
13 0.36659712360682867 0.721401009237707 0.08457838584218216 0.0976766335443795
21 0.19104408521705923 0.4517885058724948 0.12238592068857254 0.06287573620994635
14 0.39407731597976553 0.47085543995823487 0.49446928493120834 0.3031563730530312