1 0.3774954773752942 0.4086118637015989 0.16122099530842302 0.1940604211654872
10 0.6703446230323639 0.25129015146847006 0.11016123986054147 0.1528900468904336
10 0.9389414397443258 0.7556746112260212 0.12211712051134853 0.3183267153566284
9 0.38664052045414427 0.5616184645314359 0.39754054358305313 0.32853420000928873
17 0.5382022924977724 0.7953566923356189 0.19330152179152654 0.16385270290907367
19 0.7616183771428632 0.6786231686899095 0.29857888367602553 0.2246736489696705
19 0.915610159490438 0.8924608177482153 0.16877968101912408 0.21507836450356949
9 0.829679105263723 0.3623371630908321 0.3406417894725539 0.3807353174358653
19 0.9029386017450403 0.5572128778227606 0.19412279650991948 0.20275018216314927
14 0.5500431946880043 0.19787896370624328 0.1472241972858944 0.1494816269743461
11 0.9788944503879875 0.6524437900651783 0.042211099224024905 0.0935383576783142
12 0.6714757982746301 0.16744794773420368 0.13435285668871905 0.09877123195336797
21 0.5349809234006809 0.19362917158969456 0.10608574505632155 0.11683414772027048
21 0.04964435694082044 0.16540077966899408 0.0590579257464694 0.06664397095570584