10 0.6413866545360205 0.6849416912396861 0.22532705397461328 0.23056129869508962
10 0.8461923029662071 0.05572526388450531 0.11113387797604232 0.0934056493475448
9 0.8067445847219654 0.8766099285487329 0.17716306956195355 0.12227608402290784
9 0.7107001112050689 0.9105133085614593 0.12465007475773363 0.08575678134945405
9 0.5678898983318342 0.9433996285805494 0.17853989926336578 0.09731244668999892
19 0.5603612576184431 0.872451329248913 0.13759782500983525 0.15928518801718106
19 0.5131306145592637 0.7106331292568672 0.16212793144645268 0.17518290802036277
19 0.5483793357303716 0.5861052965865946 0.13291032500983527 0.1592306440165448
19 0.48786208883246474 0.45800811592936685 0.13984873986054147 0.14682155068427197
11 0.7203204016860288 0.7394468305617775 0.049245883171822415 0.05677725867281787
11 0.8798624626211332 0.0319150465468237 0.032528276735204996 0.04097044533736345