9 0.46048107677953876 0.5667510566155727 0.3898363486335391 0.30388397966639785
17 0.5107340148064884 0.8524455091553108 0.197480179126093 0.1582738353866951
19 0.8099006903043844 0.7971876125981734 0.31657740870767304 0.21705361306150942
19 0.8829760586385532 0.9946925181409852 0.11704365626060209 0.010614963718029457
9 0.9276809896635629 0.49311272620783686 0.12412206859647235 0.33674108656782165
14 0.7865475912923271 0.23396836078407474 0.13007442431676958 0.14967759618646853
12 0.9184697138876654 0.24170399363103207 0.1521478317584979 0.11143355172143128
1 0.5079438977382636 0.3947594947273404 0.13100200725639405 0.17624009618646852
10 0.882956310622288 0.3179019058820841 0.08788692431676956 0.1482043762235353
21 0.7623933286784553 0.20887659154678104 0.0752579495445131 0.0993849303072194
21 0.27344493448357066 0.05413446161023063 0.02378472958157989 0.055451391832631994