10 0.4791204973094036 0.49986226339597584 0.23145132299274812 0.3100410219140972
19 0.29813597869815384 0.676599861608967 0.20597613399378406 0.26588191882984213
19 0.3785126834128835 0.6564316375835494 0.16923811331561964 0.24806712743398443
19 0.564741281841307 0.6594360864484589 0.2838785020669146 0.1954251428552599
19 0.1961239067388631 0.4672715004070371 0.29939649420903175 0.22692060470581285
9 0.09871590570540578 0.37358177597458236 0.17690937220695976 0.3122114480508353
9 0.18967042969333908 0.12726410917333503 0.1846404813887502 0.17651940990138842
9 0.3476969454091048 0.06264141172976004 0.19012419396136285 0.12528282345952008
19 0.714227667282833 0.8640263547124036 0.22134426881613756 0.2271194277582957
14 0.18054798676543365 0.09927547686808676 0.1187200748547749 0.1019909683433748
11 0.4665776478475229 0.39843613109072756 0.10727315260503385 0.09086255357072251